"Year"	"Plot"	"NumSp"	"SpNum"	"FgNum"	"Fgset"	"C3"	"C4"	"Forb"	"Legume"	"Woody"	"Achmi"	"Agrsm"	"AmoPet"	"Andge"	"Asctu"	"Elyca"	"Koecr"	"Lesca"	"Liaas"	"Luppe"	"MonSol"	"Panvi"	"Petpu"	"Poapr"	"Queel"	"Quema"	"Schsc"	"Sornu"	"Depth"	"Phosphorus"
2017	2	1	1	1	L	0	0	0	1	0	0	0	0	0	0	0	0	1	0	0	0	0	0	0	0	0	0	0	0.20cm	35
2017	2	1	1	1	L	0	0	0	1	0	0	0	0	0	0	0	0	1	0	0	0	0	0	0	0	0	0	0	20.40cm	26
2017	2	1	1	1	L	0	0	0	1	0	0	0	0	0	0	0	0	1	0	0	0	0	0	0	0	0	0	0	40.60cm	18
1994	2	1	1	1	L	0	0	0	1	0	0	0	0	0	0	0	0	1	0	0	0	0	0	0	0	0	0	0	0.20cm	41
1994	3	4	5	2	4F	0	1	1	0	0	0	0	0	0	1	0	0	0	1	0	1	1	0	0	0	0	0	0	0.20cm	46
2017	3	4	5	2	4F	0	1	1	0	0	0	0	0	0	1	0	0	0	1	0	1	1	0	0	0	0	0	0	0.20cm	38
2017	3	4	5	2	4F	0	1	1	0	0	0	0	0	0	1	0	0	0	1	0	1	1	0	0	0	0	0	0	20.40cm	21
2017	3	4	5	2	4F	0	1	1	0	0	0	0	0	0	1	0	0	0	1	0	1	1	0	0	0	0	0	0	40.60cm	14
1994	5	1	1	1	4	0	1	0	0	0	0	0	0	1	0	0	0	0	0	0	0	0	0	0	0	0	0	0	0.20cm	42
2017	5	1	1	1	4	0	1	0	0	0	0	0	0	1	0	0	0	0	0	0	0	0	0	0	0	0	0	0	40.60cm	20
2017	5	1	1	1	4	0	1	0	0	0	0	0	0	1	0	0	0	0	0	0	0	0	0	0	0	0	0	0	0.20cm	44
2017	5	1	1	1	4	0	1	0	0	0	0	0	0	1	0	0	0	0	0	0	0	0	0	0	0	0	0	0	20.40cm	26
1994	6	2	2	1	4	0	1	0	0	0	0	0	0	0	0	0	0	0	0	0	0	1	0	0	0	0	1	0	0.20cm	40
2017	6	2	2	1	4	0	1	0	0	0	0	0	0	0	0	0	0	0	0	0	0	1	0	0	0	0	1	0	0.20cm	28
2017	6	2	2	1	4	0	1	0	0	0	0	0	0	0	0	0	0	0	0	0	0	1	0	0	0	0	1	0	20.40cm	27
2017	6	2	2	1	4	0	1	0	0	0	0	0	0	0	0	0	0	0	0	0	0	1	0	0	0	0	1	0	40.60cm	20
2017	9	16	17	5	34FLW	1	1	1	1	1	1	1	1	1	1	1	0	1	1	1	1	1	1	1	0	1	1	1	40.60cm	21
2017	9	16	17	5	34FLW	1	1	1	1	1	1	1	1	1	1	1	0	1	1	1	1	1	1	1	0	1	1	1	20.40cm	27
2017	9	16	17	5	34FLW	1	1	1	1	1	1	1	1	1	1	1	0	1	1	1	1	1	1	1	0	1	1	1	0.20cm	34
1994	9	16	17	5	34FLW	1	1	1	1	1	1	1	1	1	1	1	0	1	1	1	1	1	1	1	0	1	1	1	0.20cm	46
2017	11	1	1	1	F	0	0	1	0	0	1	0	0	0	0	0	0	0	0	0	0	0	0	0	0	0	0	0	0.20cm	43
2017	11	1	1	1	F	0	0	1	0	0	1	0	0	0	0	0	0	0	0	0	0	0	0	0	0	0	0	0	20.40cm	35
2017	11	1	1	1	F	0	0	1	0	0	1	0	0	0	0	0	0	0	0	0	0	0	0	0	0	0	0	0	40.60cm	32
1994	11	1	1	1	F	0	0	1	0	0	1	0	0	0	0	0	0	0	0	0	0	0	0	0	0	0	0	0	0.20cm	48
2017	12	8	10	4	34FL	1	1	1	1	0	1	0	1	0	0	0	1	0	0	1	1	0	0	1	0	0	1	1	40.60cm	41
1994	12	8	10	4	34FL	1	1	1	1	0	1	0	1	0	0	0	1	0	0	1	1	0	0	1	0	0	1	1	0.20cm	41
2017	12	8	10	4	34FL	1	1	1	1	0	1	0	1	0	0	0	1	0	0	1	1	0	0	1	0	0	1	1	0.20cm	42
2017	12	8	10	4	34FL	1	1	1	1	0	1	0	1	0	0	0	1	0	0	1	1	0	0	1	0	0	1	1	20.40cm	41
2017	14	2	2	1	F	0	0	1	0	0	0	0	0	0	1	0	0	0	1	0	0	0	0	0	0	0	0	0	40.60cm	45
2017	14	2	2	1	F	0	0	1	0	0	0	0	0	0	1	0	0	0	1	0	0	0	0	0	0	0	0	0	20.40cm	48
1994	14	2	2	1	F	0	0	1	0	0	0	0	0	0	1	0	0	0	1	0	0	0	0	0	0	0	0	0	0.20cm	61
2017	14	2	2	1	F	0	0	1	0	0	0	0	0	0	1	0	0	0	1	0	0	0	0	0	0	0	0	0	0.20cm	53
1994	15	8	10	4	3FLW	1	0	1	1	1	0	1	1	0	0	1	0	0	0	0	1	0	1	1	1	1	0	0	0.20cm	42
2017	15	8	10	4	3FLW	1	0	1	1	1	0	1	1	0	0	1	0	0	0	0	1	0	1	1	1	1	0	0	0.20cm	33
2017	15	8	10	4	3FLW	1	0	1	1	1	0	1	1	0	0	1	0	0	0	0	1	0	1	1	1	1	0	0	20.40cm	31
2017	15	8	10	4	3FLW	1	0	1	1	1	0	1	1	0	0	1	0	0	0	0	1	0	1	1	1	1	0	0	40.60cm	27
2017	16	1	1	1	F	0	0	1	0	0	0	0	0	0	1	0	0	0	0	0	0	0	0	0	0	0	0	0	20.40cm	32
2017	16	1	1	1	F	0	0	1	0	0	0	0	0	0	1	0	0	0	0	0	0	0	0	0	0	0	0	0	40.60cm	34
2017	16	1	1	1	F	0	0	1	0	0	0	0	0	0	1	0	0	0	0	0	0	0	0	0	0	0	0	0	0.20cm	42
1994	16	1	1	1	F	0	0	1	0	0	0	0	0	0	1	0	0	0	0	0	0	0	0	0	0	0	0	0	0.20cm	58
2017	20	1	1	1	L	0	0	0	1	0	0	0	1	0	0	0	0	0	0	0	0	0	0	0	0	0	0	0	0.20cm	30
2017	20	1	1	1	L	0	0	0	1	0	0	0	1	0	0	0	0	0	0	0	0	0	0	0	0	0	0	0	20.40cm	32
2017	20	1	1	1	L	0	0	0	1	0	0	0	1	0	0	0	0	0	0	0	0	0	0	0	0	0	0	0	40.60cm	33
1994	20	1	1	1	L	0	0	0	1	0	0	0	1	0	0	0	0	0	0	0	0	0	0	0	0	0	0	0	0.20cm	44
2017	22	8	10	4	3FLW	1	0	1	1	1	0	1	1	0	1	1	1	0	1	0	1	0	0	0	0	1	0	0	40.60cm	32
1994	22	8	10	4	3FLW	1	0	1	1	1	0	1	1	0	1	1	1	0	1	0	1	0	0	0	0	1	0	0	0.20cm	44
2017	22	8	10	4	3FLW	1	0	1	1	1	0	1	1	0	1	1	1	0	1	0	1	0	0	0	0	1	0	0	0.20cm	41
2017	22	8	10	4	3FLW	1	0	1	1	1	0	1	1	0	1	1	1	0	1	0	1	0	0	0	0	1	0	0	20.40cm	31
2017	24	4	4	3	34F	1	1	1	0	0	0	0	0	0	1	1	0	0	0	0	0	1	0	0	0	0	1	0	40.60cm	37
2017	24	4	4	3	34F	1	1	1	0	0	0	0	0	0	1	1	0	0	0	0	0	1	0	0	0	0	1	0	20.40cm	44
1994	24	4	4	3	34F	1	1	1	0	0	0	0	0	0	1	1	0	0	0	0	0	1	0	0	0	0	1	0	0.20cm	50
2017	24	4	4	3	34F	1	1	1	0	0	0	0	0	0	1	1	0	0	0	0	0	1	0	0	0	0	1	0	0.20cm	36
1994	26	4	4	3	34L	1	1	0	1	0	0	1	0	0	0	1	0	0	0	0	0	0	1	0	0	0	0	1	0.20cm	57
2017	26	4	4	3	34L	1	1	0	1	0	0	1	0	0	0	1	0	0	0	0	0	0	1	0	0	0	0	1	0.20cm	41
2017	26	4	4	3	34L	1	1	0	1	0	0	1	0	0	0	1	0	0	0	0	0	0	1	0	0	0	0	1	20.40cm	42
2017	26	4	4	3	34L	1	1	0	1	0	0	1	0	0	0	1	0	0	0	0	0	0	1	0	0	0	0	1	40.60cm	42
2017	27	16	17	5	34FLW	1	1	1	1	1	1	1	1	0	1	0	1	1	1	1	1	1	1	1	1	1	1	1	20.40cm	33
2017	27	16	17	5	34FLW	1	1	1	1	1	1	1	1	0	1	0	1	1	1	1	1	1	1	1	1	1	1	1	0.20cm	31
1994	27	16	17	5	34FLW	1	1	1	1	1	1	1	1	0	1	0	1	1	1	1	1	1	1	1	1	1	1	1	0.20cm	35
2017	27	16	17	5	34FLW	1	1	1	1	1	1	1	1	0	1	0	1	1	1	1	1	1	1	1	1	1	1	1	40.60cm	32
1994	28	4	4	2	LW	0	0	0	1	1	0	0	0	0	0	0	0	1	0	0	0	0	1	0	1	1	0	0	0.20cm	50
2017	28	4	4	2	LW	0	0	0	1	1	0	0	0	0	0	0	0	1	0	0	0	0	1	0	1	1	0	0	0.20cm	41
2017	28	4	4	2	LW	0	0	0	1	1	0	0	0	0	0	0	0	1	0	0	0	0	1	0	1	1	0	0	20.40cm	47
2017	28	4	4	2	LW	0	0	0	1	1	0	0	0	0	0	0	0	1	0	0	0	0	1	0	1	1	0	0	40.60cm	38
2017	29	1	1	1	L	0	0	0	1	0	0	0	0	0	0	0	0	1	0	0	0	0	0	0	0	0	0	0	40.60cm	23
1994	29	1	1	1	L	0	0	0	1	0	0	0	0	0	0	0	0	1	0	0	0	0	0	0	0	0	0	0	0.20cm	47
2017	29	1	1	1	L	0	0	0	1	0	0	0	0	0	0	0	0	1	0	0	0	0	0	0	0	0	0	0	0.20cm	38
2017	29	1	1	1	L	0	0	0	1	0	0	0	0	0	0	0	0	1	0	0	0	0	0	0	0	0	0	0	20.40cm	41
2017	30	16	17	5	34FLW	1	1	1	1	1	1	1	1	1	1	1	1	0	1	1	1	1	0	1	1	1	1	1	40.60cm	27
2017	30	16	17	5	34FLW	1	1	1	1	1	1	1	1	1	1	1	1	0	1	1	1	1	0	1	1	1	1	1	20.40cm	34
1994	30	16	17	5	34FLW	1	1	1	1	1	1	1	1	1	1	1	1	0	1	1	1	1	0	1	1	1	1	1	0.20cm	42
2017	30	16	17	5	34FLW	1	1	1	1	1	1	1	1	1	1	1	1	0	1	1	1	1	0	1	1	1	1	1	0.20cm	33
1994	31	1	1	1	4	0	1	0	0	0	0	0	0	0	0	0	0	0	0	0	0	0	0	0	0	0	1	0	0.20cm	32
2017	31	1	1	1	4	0	1	0	0	0	0	0	0	0	0	0	0	0	0	0	0	0	0	0	0	0	1	0	0.20cm	30
2017	31	1	1	1	4	0	1	0	0	0	0	0	0	0	0	0	0	0	0	0	0	0	0	0	0	0	1	0	20.40cm	30
2017	31	1	1	1	4	0	1	0	0	0	0	0	0	0	0	0	0	0	0	0	0	0	0	0	0	0	1	0	40.60cm	27
2017	33	4	5	4	34FL	1	1	1	1	0	0	1	1	1	0	0	0	0	1	0	0	0	0	0	0	0	0	0	20.40cm	29
2017	33	4	5	4	34FL	1	1	1	1	0	0	1	1	1	0	0	0	0	1	0	0	0	0	0	0	0	0	0	40.60cm	26
2017	33	4	5	4	34FL	1	1	1	1	0	0	1	1	1	0	0	0	0	1	0	0	0	0	0	0	0	0	0	0.20cm	30
1994	33	4	5	4	34FL	1	1	1	1	0	0	1	1	1	0	0	0	0	1	0	0	0	0	0	0	0	0	0	0.20cm	44
2017	34	16	17	5	34FLW	1	1	1	1	1	1	1	1	1	1	1	1	0	0	1	1	1	1	1	1	1	1	1	0.20cm	33
2017	34	16	17	5	34FLW	1	1	1	1	1	1	1	1	1	1	1	1	0	0	1	1	1	1	1	1	1	1	1	20.40cm	26
2017	34	16	17	5	34FLW	1	1	1	1	1	1	1	1	1	1	1	1	0	0	1	1	1	1	1	1	1	1	1	40.60cm	18
1994	34	16	17	5	34FLW	1	1	1	1	1	1	1	1	1	1	1	1	0	0	1	1	1	1	1	1	1	1	1	0.20cm	31
2017	35	16	17	5	34FLW	1	1	1	1	1	0	1	1	1	1	1	1	1	1	1	1	1	1	0	1	1	1	1	40.60cm	17
1994	35	16	17	5	34FLW	1	1	1	1	1	0	1	1	1	1	1	1	1	1	1	1	1	1	0	1	1	1	1	0.20cm	35
2017	35	16	17	5	34FLW	1	1	1	1	1	0	1	1	1	1	1	1	1	1	1	1	1	1	0	1	1	1	1	0.20cm	23
2017	35	16	17	5	34FLW	1	1	1	1	1	0	1	1	1	1	1	1	1	1	1	1	1	1	0	1	1	1	1	20.40cm	15
2017	44	4	5	3	4FL	0	1	1	1	0	0	0	1	0	1	0	0	0	0	0	0	1	1	0	0	0	0	0	40.60cm	21
2017	44	4	5	3	4FL	0	1	1	1	0	0	0	1	0	1	0	0	0	0	0	0	1	1	0	0	0	0	0	20.40cm	29
1994	44	4	5	3	4FL	0	1	1	1	0	0	0	1	0	1	0	0	0	0	0	0	1	1	0	0	0	0	0	0.20cm	39
2017	44	4	5	3	4FL	0	1	1	1	0	0	0	1	0	1	0	0	0	0	0	0	1	1	0	0	0	0	0	0.20cm	30
1994	45	4	4	4	4FLW	0	1	1	1	1	0	0	0	1	0	0	0	0	1	0	0	0	1	0	0	1	0	0	0.20cm	48
2017	45	4	4	4	4FLW	0	1	1	1	1	0	0	0	1	0	0	0	0	1	0	0	0	1	0	0	1	0	0	0.20cm	40
2017	45	4	4	4	4FLW	0	1	1	1	1	0	0	0	1	0	0	0	0	1	0	0	0	1	0	0	1	0	0	20.40cm	45
2017	45	4	4	4	4FLW	0	1	1	1	1	0	0	0	1	0	0	0	0	1	0	0	0	1	0	0	1	0	0	40.60cm	34
2017	46	16	17	5	34FLW	1	1	1	1	1	1	1	1	1	1	1	1	0	1	1	1	1	1	1	1	1	1	0	20.40cm	32
2017	46	16	17	5	34FLW	1	1	1	1	1	1	1	1	1	1	1	1	0	1	1	1	1	1	1	1	1	1	0	0.20cm	34
1994	46	16	17	5	34FLW	1	1	1	1	1	1	1	1	1	1	1	1	0	1	1	1	1	1	1	1	1	1	0	0.20cm	39
2017	46	16	17	5	34FLW	1	1	1	1	1	1	1	1	1	1	1	1	0	1	1	1	1	1	1	1	1	1	0	40.60cm	30
1994	48	2	2	2	3L	1	0	0	1	0	0	0	0	0	0	0	1	1	0	0	0	0	0	0	0	0	0	0	0.20cm	58
2017	48	2	2	2	3L	1	0	0	1	0	0	0	0	0	0	0	1	1	0	0	0	0	0	0	0	0	0	0	0.20cm	51
2017	48	2	2	2	3L	1	0	0	1	0	0	0	0	0	0	0	1	1	0	0	0	0	0	0	0	0	0	0	20.40cm	52
2017	48	2	2	2	3L	1	0	0	1	0	0	0	0	0	0	0	1	1	0	0	0	0	0	0	0	0	0	0	40.60cm	48
2017	50	8	9	4	3FLW	1	0	1	1	1	1	0	1	0	0	1	1	1	0	0	0	0	1	1	0	1	0	0	40.60cm	41
1994	50	8	9	4	3FLW	1	0	1	1	1	1	0	1	0	0	1	1	1	0	0	0	0	1	1	0	1	0	0	0.20cm	45
2017	50	8	9	4	3FLW	1	0	1	1	1	1	0	1	0	0	1	1	1	0	0	0	0	1	1	0	1	0	0	0.20cm	37
2017	50	8	9	4	3FLW	1	0	1	1	1	1	0	1	0	0	1	1	1	0	0	0	0	1	1	0	1	0	0	20.40cm	40
2017	53	4	4	4	34LW	1	1	0	1	1	0	0	0	0	0	0	0	1	0	0	0	0	0	1	0	1	0	1	40.60cm	34
2017	53	4	4	4	34LW	1	1	0	1	1	0	0	0	0	0	0	0	1	0	0	0	0	0	1	0	1	0	1	20.40cm	40
1994	53	4	4	4	34LW	1	1	0	1	1	0	0	0	0	0	0	0	1	0	0	0	0	0	1	0	1	0	1	0.20cm	49
2017	53	4	4	4	34LW	1	1	0	1	1	0	0	0	0	0	0	0	1	0	0	0	0	0	1	0	1	0	1	0.20cm	35
1994	56	2	2	2	4L	0	1	0	1	0	0	0	0	0	0	0	0	0	0	1	0	0	0	0	0	0	1	0	0.20cm	39
2017	56	2	2	2	4L	0	1	0	1	0	0	0	0	0	0	0	0	0	0	1	0	0	0	0	0	0	1	0	0.20cm	42
2017	56	2	2	2	4L	0	1	0	1	0	0	0	0	0	0	0	0	0	0	1	0	0	0	0	0	0	1	0	20.40cm	39
2017	56	2	2	2	4L	0	1	0	1	0	0	0	0	0	0	0	0	0	0	1	0	0	0	0	0	0	1	0	40.60cm	37
2017	57	8	10	4	34FL	1	1	1	1	0	1	1	1	0	0	0	1	1	0	0	1	0	0	1	0	0	1	0	0.20cm	40
2017	57	8	10	4	34FL	1	1	1	1	0	1	1	1	0	0	0	1	1	0	0	1	0	0	1	0	0	1	0	20.40cm	34
1994	57	8	10	4	34FL	1	1	1	1	0	1	1	1	0	0	0	1	1	0	0	1	0	0	1	0	0	1	0	0.20cm	49
2017	57	8	10	4	34FL	1	1	1	1	0	1	1	1	0	0	0	1	1	0	0	1	0	0	1	0	0	1	0	40.60cm	28
1994	58	4	5	3	34F	1	1	1	0	0	0	0	0	1	0	0	0	0	0	0	1	0	0	1	0	0	0	1	0.20cm	43
2017	58	4	5	3	34F	1	1	1	0	0	0	0	0	1	0	0	0	0	0	0	1	0	0	1	0	0	0	1	0.20cm	34
2017	58	4	5	3	34F	1	1	1	0	0	0	0	0	1	0	0	0	0	0	0	1	0	0	1	0	0	0	1	20.40cm	32
2017	58	4	5	3	34F	1	1	1	0	0	0	0	0	1	0	0	0	0	0	0	1	0	0	1	0	0	0	1	40.60cm	29
2017	62	4	5	3	3LW	1	0	0	1	1	0	0	1	0	0	1	0	1	0	0	0	0	0	0	0	1	0	0	40.60cm	28
1994	62	4	5	3	3LW	1	0	0	1	1	0	0	1	0	0	1	0	1	0	0	0	0	0	0	0	1	0	0	0.20cm	43
2017	62	4	5	3	3LW	1	0	0	1	1	0	0	1	0	0	1	0	1	0	0	0	0	0	0	0	1	0	0	0.20cm	39
2017	62	4	5	3	3LW	1	0	0	1	1	0	0	1	0	0	1	0	1	0	0	0	0	0	0	0	1	0	0	20.40cm	31
2017	67	8	10	5	34FLW	1	1	1	1	1	0	1	1	0	0	0	1	0	0	1	1	0	0	0	1	1	0	1	40.60cm	51
2017	67	8	10	5	34FLW	1	1	1	1	1	0	1	1	0	0	0	1	0	0	1	1	0	0	0	1	1	0	1	20.40cm	52
1994	67	8	10	5	34FLW	1	1	1	1	1	0	1	1	0	0	0	1	0	0	1	1	0	0	0	1	1	0	1	0.20cm	60
2017	67	8	10	5	34FLW	1	1	1	1	1	0	1	1	0	0	0	1	0	0	1	1	0	0	0	1	1	0	1	0.20cm	53
1994	68	16	17	5	34FLW	1	1	1	1	1	1	1	0	0	1	1	1	1	1	1	1	1	1	1	1	1	1	1	0.20cm	47
2017	68	16	17	5	34FLW	1	1	1	1	1	1	1	0	0	1	1	1	1	1	1	1	1	1	1	1	1	1	1	0.20cm	43
2017	68	16	17	5	34FLW	1	1	1	1	1	1	1	0	0	1	1	1	1	1	1	1	1	1	1	1	1	1	1	20.40cm	41
2017	68	16	17	5	34FLW	1	1	1	1	1	1	1	0	0	1	1	1	1	1	1	1	1	1	1	1	1	1	1	40.60cm	39
2017	69	1	1	1	F	0	0	1	0	0	1	0	0	0	0	0	0	0	0	0	0	0	0	0	0	0	0	0	20.40cm	53
2017	69	1	1	1	F	0	0	1	0	0	1	0	0	0	0	0	0	0	0	0	0	0	0	0	0	0	0	0	0.20cm	42
1994	69	1	1	1	F	0	0	1	0	0	1	0	0	0	0	0	0	0	0	0	0	0	0	0	0	0	0	0	0.20cm	48
2017	69	1	1	1	F	0	0	1	0	0	1	0	0	0	0	0	0	0	0	0	0	0	0	0	0	0	0	0	40.60cm	47
1994	70	4	4	3	4FL	0	1	1	1	0	0	0	0	1	1	0	0	0	0	1	0	0	0	0	0	0	1	0	0.20cm	48
2017	70	4	4	3	4FL	0	1	1	1	0	0	0	0	1	1	0	0	0	0	1	0	0	0	0	0	0	1	0	0.20cm	45
2017	70	4	4	3	4FL	0	1	1	1	0	0	0	0	1	1	0	0	0	0	1	0	0	0	0	0	0	1	0	20.40cm	45
2017	70	4	4	3	4FL	0	1	1	1	0	0	0	0	1	1	0	0	0	0	1	0	0	0	0	0	0	1	0	40.60cm	43
2017	74	8	9	5	34FLW	1	1	1	1	1	1	1	1	0	1	1	1	0	0	0	0	0	0	0	0	1	0	1	40.60cm	14
1994	74	8	9	5	34FLW	1	1	1	1	1	1	1	1	0	1	1	1	0	0	0	0	0	0	0	0	1	0	1	0.20cm	37
2017	74	8	9	5	34FLW	1	1	1	1	1	1	1	1	0	1	1	1	0	0	0	0	0	0	0	0	1	0	1	0.20cm	35
2017	74	8	9	5	34FLW	1	1	1	1	1	1	1	1	0	1	1	1	0	0	0	0	0	0	0	0	1	0	1	20.40cm	20
2017	75	2	2	2	4F	0	1	1	0	0	0	0	0	0	1	0	0	0	0	0	0	1	0	0	0	0	0	0	40.60cm	13
2017	75	2	2	2	4F	0	1	1	0	0	0	0	0	0	1	0	0	0	0	0	0	1	0	0	0	0	0	0	20.40cm	17
1994	75	2	2	2	4F	0	1	1	0	0	0	0	0	0	1	0	0	0	0	0	0	1	0	0	0	0	0	0	0.20cm	28
2017	75	2	2	2	4F	0	1	1	0	0	0	0	0	0	1	0	0	0	0	0	0	1	0	0	0	0	0	0	0.20cm	25
1994	81	8	8	4	34FL	1	1	1	1	0	1	1	0	0	0	1	0	1	1	0	0	0	1	1	0	0	1	0	0.20cm	31
2017	81	8	8	4	34FL	1	1	1	1	0	1	1	0	0	0	1	0	1	1	0	0	0	1	1	0	0	1	0	0.20cm	28
2017	81	8	8	4	34FL	1	1	1	1	0	1	1	0	0	0	1	0	1	1	0	0	0	1	1	0	0	1	0	20.40cm	16
2017	81	8	8	4	34FL	1	1	1	1	0	1	1	0	0	0	1	0	1	1	0	0	0	1	1	0	0	1	0	40.60cm	16
2017	82	16	17	5	34FLW	1	1	1	1	1	1	0	1	1	1	1	0	1	1	1	1	1	1	1	1	1	1	1	0.20cm	46
2017	82	16	17	5	34FLW	1	1	1	1	1	1	0	1	1	1	1	0	1	1	1	1	1	1	1	1	1	1	1	20.40cm	45
1994	82	16	17	5	34FLW	1	1	1	1	1	1	0	1	1	1	1	0	1	1	1	1	1	1	1	1	1	1	1	0.20cm	46
2017	82	16	17	5	34FLW	1	1	1	1	1	1	0	1	1	1	1	0	1	1	1	1	1	1	1	1	1	1	1	40.60cm	38
1994	83	1	1	1	L	0	0	0	1	0	0	0	0	0	0	0	0	0	0	1	0	0	0	0	0	0	0	0	0.20cm	51
2017	83	1	1	1	L	0	0	0	1	0	0	0	0	0	0	0	0	0	0	1	0	0	0	0	0	0	0	0	0.20cm	38
2017	83	1	1	1	L	0	0	0	1	0	0	0	0	0	0	0	0	0	0	1	0	0	0	0	0	0	0	0	20.40cm	40
2017	83	1	1	1	L	0	0	0	1	0	0	0	0	0	0	0	0	0	0	1	0	0	0	0	0	0	0	0	40.60cm	30
2017	87	1	1	1	4	0	1	0	0	0	0	0	0	0	0	0	0	0	0	0	0	0	0	0	0	0	0	1	40.60cm	50
1994	87	1	1	1	4	0	1	0	0	0	0	0	0	0	0	0	0	0	0	0	0	0	0	0	0	0	0	1	0.20cm	65
2017	87	1	1	1	4	0	1	0	0	0	0	0	0	0	0	0	0	0	0	0	0	0	0	0	0	0	0	1	0.20cm	53
2017	87	1	1	1	4	0	1	0	0	0	0	0	0	0	0	0	0	0	0	0	0	0	0	0	0	0	0	1	20.40cm	57
2017	89	16	16	5	34FLW	1	1	1	1	1	1	1	1	1	1	1	1	0	1	1	0	1	1	1	1	1	1	1	40.60cm	48
2017	89	16	16	5	34FLW	1	1	1	1	1	1	1	1	1	1	1	1	0	1	1	0	1	1	1	1	1	1	1	20.40cm	41
1994	89	16	16	5	34FLW	1	1	1	1	1	1	1	1	1	1	1	1	0	1	1	0	1	1	1	1	1	1	1	0.20cm	54
2017	89	16	16	5	34FLW	1	1	1	1	1	1	1	1	1	1	1	1	0	1	1	0	1	1	1	1	1	1	1	0.20cm	44
1994	92	1	1	1	4	0	1	0	0	0	0	0	0	0	0	0	0	0	0	0	0	0	0	0	0	0	0	1	0.20cm	67
2017	92	1	1	1	4	0	1	0	0	0	0	0	0	0	0	0	0	0	0	0	0	0	0	0	0	0	0	1	0.20cm	62
2017	92	1	1	1	4	0	1	0	0	0	0	0	0	0	0	0	0	0	0	0	0	0	0	0	0	0	0	1	20.40cm	68
2017	92	1	1	1	4	0	1	0	0	0	0	0	0	0	0	0	0	0	0	0	0	0	0	0	0	0	0	1	40.60cm	85
2017	93	4	4	2	3L	1	0	0	1	0	0	1	0	0	0	0	1	0	0	1	0	0	1	0	0	0	0	0	20.40cm	66
2017	93	4	4	2	3L	1	0	0	1	0	0	1	0	0	0	0	1	0	0	1	0	0	1	0	0	0	0	0	0.20cm	52
1994	93	4	4	2	3L	1	0	0	1	0	0	1	0	0	0	0	1	0	0	1	0	0	1	0	0	0	0	0	0.20cm	76
2017	93	4	4	2	3L	1	0	0	1	0	0	1	0	0	0	0	1	0	0	1	0	0	1	0	0	0	0	0	40.60cm	77
1994	94	1	1	1	L	0	0	0	1	0	0	0	0	0	0	0	0	1	0	0	0	0	0	0	0	0	0	0	0.20cm	42
2017	94	1	1	1	L	0	0	0	1	0	0	0	0	0	0	0	0	1	0	0	0	0	0	0	0	0	0	0	0.20cm	35
2017	94	1	1	1	L	0	0	0	1	0	0	0	0	0	0	0	0	1	0	0	0	0	0	0	0	0	0	0	20.40cm	30
2017	94	1	1	1	L	0	0	0	1	0	0	0	0	0	0	0	0	1	0	0	0	0	0	0	0	0	0	0	40.60cm	27
2017	98	8	8	5	34FLW	1	1	1	1	1	1	1	0	1	0	0	1	0	0	1	0	1	0	1	1	0	0	0	40.60cm	41
1994	98	8	8	5	34FLW	1	1	1	1	1	1	1	0	1	0	0	1	0	0	1	0	1	0	1	1	0	0	0	0.20cm	53
2017	98	8	8	5	34FLW	1	1	1	1	1	1	1	0	1	0	0	1	0	0	1	0	1	0	1	1	0	0	0	0.20cm	46
2017	98	8	8	5	34FLW	1	1	1	1	1	1	1	0	1	0	0	1	0	0	1	0	1	0	1	1	0	0	0	20.40cm	47
2017	104	8	8	5	34FLW	1	1	1	1	1	1	0	0	0	0	1	1	0	1	1	0	0	1	0	1	0	1	0	40.60cm	50
2017	104	8	8	5	34FLW	1	1	1	1	1	1	0	0	0	0	1	1	0	1	1	0	0	1	0	1	0	1	0	20.40cm	61
1994	104	8	8	5	34FLW	1	1	1	1	1	1	0	0	0	0	1	1	0	1	1	0	0	1	0	1	0	1	0	0.20cm	58
2017	104	8	8	5	34FLW	1	1	1	1	1	1	0	0	0	0	1	1	0	1	1	0	0	1	0	1	0	1	0	0.20cm	51
1994	107	16	17	5	34FLW	1	1	1	1	1	0	1	1	1	1	1	1	1	1	1	1	1	1	1	1	1	1	0	0.20cm	43
2017	107	16	17	5	34FLW	1	1	1	1	1	0	1	1	1	1	1	1	1	1	1	1	1	1	1	1	1	1	0	0.20cm	50
2017	107	16	17	5	34FLW	1	1	1	1	1	0	1	1	1	1	1	1	1	1	1	1	1	1	1	1	1	1	0	20.40cm	46
2017	107	16	17	5	34FLW	1	1	1	1	1	0	1	1	1	1	1	1	1	1	1	1	1	1	1	1	1	1	0	40.60cm	40
2017	108	16	17	5	34FLW	1	1	1	1	1	1	1	1	1	0	1	1	0	1	1	1	1	1	1	1	1	1	1	0.20cm	39
2017	108	16	17	5	34FLW	1	1	1	1	1	1	1	1	1	0	1	1	0	1	1	1	1	1	1	1	1	1	1	20.40cm	40
1994	108	16	17	5	34FLW	1	1	1	1	1	1	1	1	1	0	1	1	0	1	1	1	1	1	1	1	1	1	1	0.20cm	52
2017	108	16	17	5	34FLW	1	1	1	1	1	1	1	1	1	0	1	1	0	1	1	1	1	1	1	1	1	1	1	40.60cm	39
1994	109	1	1	1	4	0	1	0	0	0	0	0	0	1	0	0	0	0	0	0	0	0	0	0	0	0	0	0	0.20cm	40
2017	109	1	1	1	4	0	1	0	0	0	0	0	0	1	0	0	0	0	0	0	0	0	0	0	0	0	0	0	0.20cm	32
2017	109	1	1	1	4	0	1	0	0	0	0	0	0	1	0	0	0	0	0	0	0	0	0	0	0	0	0	0	20.40cm	34
2017	109	1	1	1	4	0	1	0	0	0	0	0	0	1	0	0	0	0	0	0	0	0	0	0	0	0	0	0	40.60cm	29
2017	110	4	4	3	34L	1	1	0	1	0	0	0	0	0	0	1	0	1	0	1	0	1	0	0	0	0	0	0	40.60cm	15
1994	110	4	4	3	34L	1	1	0	1	0	0	0	0	0	0	1	0	1	0	1	0	1	0	0	0	0	0	0	0.20cm	35
2017	110	4	4	3	34L	1	1	0	1	0	0	0	0	0	0	1	0	1	0	1	0	1	0	0	0	0	0	0	0.20cm	26
2017	110	4	4	3	34L	1	1	0	1	0	0	0	0	0	0	1	0	1	0	1	0	1	0	0	0	0	0	0	20.40cm	20
2017	111	8	10	4	3FLW	1	0	1	1	1	1	1	1	0	0	0	0	1	0	0	1	0	0	1	1	1	0	0	40.60cm	12
2017	111	8	10	4	3FLW	1	0	1	1	1	1	1	1	0	0	0	0	1	0	0	1	0	0	1	1	1	0	0	20.40cm	13
1994	111	8	10	4	3FLW	1	0	1	1	1	1	1	1	0	0	0	0	1	0	0	1	0	0	1	1	1	0	0	0.20cm	26
2017	111	8	10	4	3FLW	1	0	1	1	1	1	1	1	0	0	0	0	1	0	0	1	0	0	1	1	1	0	0	0.20cm	20
1994	115	8	9	4	34FW	1	1	1	0	1	0	1	0	1	1	1	1	0	0	0	1	0	0	1	1	0	0	0	0.20cm	41
2017	115	8	9	4	34FW	1	1	1	0	1	0	1	0	1	1	1	1	0	0	0	1	0	0	1	1	0	0	0	0.20cm	25
2017	115	8	9	4	34FW	1	1	1	0	1	0	1	0	1	1	1	1	0	0	0	1	0	0	1	1	0	0	0	20.40cm	18
2017	115	8	9	4	34FW	1	1	1	0	1	0	1	0	1	1	1	1	0	0	0	1	0	0	1	1	0	0	0	40.60cm	13
2017	117	2	2	2	FL	0	0	1	1	0	0	0	0	0	1	0	0	0	0	1	0	0	0	0	0	0	0	0	20.40cm	14
2017	117	2	2	2	FL	0	0	1	1	0	0	0	0	0	1	0	0	0	0	1	0	0	0	0	0	0	0	0	0.20cm	27
1994	117	2	2	2	FL	0	0	1	1	0	0	0	0	0	1	0	0	0	0	1	0	0	0	0	0	0	0	0	0.20cm	35
2017	117	2	2	2	FL	0	0	1	1	0	0	0	0	0	1	0	0	0	0	1	0	0	0	0	0	0	0	0	40.60cm	11
1994	118	8	9	5	34FLW	1	1	1	1	1	1	1	0	1	1	0	1	0	0	0	1	0	1	0	0	1	0	0	0.20cm	25
2017	118	8	9	5	34FLW	1	1	1	1	1	1	1	0	1	1	0	1	0	0	0	1	0	1	0	0	1	0	0	0.20cm	19
2017	118	8	9	5	34FLW	1	1	1	1	1	1	1	0	1	1	0	1	0	0	0	1	0	1	0	0	1	0	0	20.40cm	14
2017	118	8	9	5	34FLW	1	1	1	1	1	1	1	0	1	1	0	1	0	0	0	1	0	1	0	0	1	0	0	40.60cm	9
2017	125	2	2	2	4L	0	1	0	1	0	0	0	0	0	0	0	0	0	0	0	0	0	1	0	0	0	1	0	40.60cm	35
1994	125	2	2	2	4L	0	1	0	1	0	0	0	0	0	0	0	0	0	0	0	0	0	1	0	0	0	1	0	0.20cm	54
2017	125	2	2	2	4L	0	1	0	1	0	0	0	0	0	0	0	0	0	0	0	0	0	1	0	0	0	1	0	0.20cm	37
2017	125	2	2	2	4L	0	1	0	1	0	0	0	0	0	0	0	0	0	0	0	0	0	1	0	0	0	1	0	20.40cm	38
1994	129	1	1	1	F	0	0	1	0	0	0	0	0	0	0	0	0	0	1	0	0	0	0	0	0	0	0	0	0.20cm	58
2017	129	1	1	1	F	0	0	1	0	0	0	0	0	0	0	0	0	0	1	0	0	0	0	0	0	0	0	0	0.20cm	47
2017	129	1	1	1	F	0	0	1	0	0	0	0	0	0	0	0	0	0	1	0	0	0	0	0	0	0	0	0	20.40cm	57
2017	129	1	1	1	F	0	0	1	0	0	0	0	0	0	0	0	0	0	1	0	0	0	0	0	0	0	0	0	40.60cm	67
1994	130	8	8	5	34FLW	1	1	1	1	1	1	0	0	0	1	1	0	0	1	0	0	1	1	0	0	1	1	0	0.20cm	57
2017	130	8	8	5	34FLW	1	1	1	1	1	1	0	0	0	1	1	0	0	1	0	0	1	1	0	0	1	1	0	40.60cm	30
2017	130	8	8	5	34FLW	1	1	1	1	1	1	0	0	0	1	1	0	0	1	0	0	1	1	0	0	1	1	0	0.20cm	36
2017	130	8	8	5	34FLW	1	1	1	1	1	1	0	0	0	1	1	0	0	1	0	0	1	1	0	0	1	1	0	20.40cm	29
1994	133	4	6	3	4FL	0	1	1	1	0	0	0	1	0	0	0	0	1	0	0	1	0	0	0	0	0	1	0	0.20cm	52
2017	133	4	6	3	4FL	0	1	1	1	0	0	0	1	0	0	0	0	1	0	0	1	0	0	0	0	0	1	0	0.20cm	38
2017	133	4	6	3	4FL	0	1	1	1	0	0	0	1	0	0	0	0	1	0	0	1	0	0	0	0	0	1	0	20.40cm	35
2017	133	4	6	3	4FL	0	1	1	1	0	0	0	1	0	0	0	0	1	0	0	1	0	0	0	0	0	1	0	40.60cm	39
2017	135	1	1	1	4	0	1	0	0	0	0	0	0	0	0	0	0	0	0	0	0	0	0	0	0	0	1	0	40.60cm	29
1994	135	1	1	1	4	0	1	0	0	0	0	0	0	0	0	0	0	0	0	0	0	0	0	0	0	0	1	0	0.20cm	43
2017	135	1	1	1	4	0	1	0	0	0	0	0	0	0	0	0	0	0	0	0	0	0	0	0	0	0	1	0	0.20cm	35
2017	135	1	1	1	4	0	1	0	0	0	0	0	0	0	0	0	0	0	0	0	0	0	0	0	0	0	1	0	20.40cm	34
2017	136	16	17	5	34FLW	1	1	1	1	1	1	1	1	1	1	1	0	1	1	1	1	1	1	0	1	1	1	1	40.60cm	39
2017	136	16	17	5	34FLW	1	1	1	1	1	1	1	1	1	1	1	0	1	1	1	1	1	1	0	1	1	1	1	20.40cm	42
1994	136	16	17	5	34FLW	1	1	1	1	1	1	1	1	1	1	1	0	1	1	1	1	1	1	0	1	1	1	1	0.20cm	57
2017	136	16	17	5	34FLW	1	1	1	1	1	1	1	1	1	1	1	0	1	1	1	1	1	1	0	1	1	1	1	0.20cm	41
1994	137	1	1	1	L	0	0	0	1	0	0	0	1	0	0	0	0	0	0	0	0	0	0	0	0	0	0	0	0.20cm	48
2017	137	1	1	1	L	0	0	0	1	0	0	0	1	0	0	0	0	0	0	0	0	0	0	0	0	0	0	0	0.20cm	24
2017	137	1	1	1	L	0	0	0	1	0	0	0	1	0	0	0	0	0	0	0	0	0	0	0	0	0	0	0	20.40cm	32
2017	137	1	1	1	L	0	0	0	1	0	0	0	1	0	0	0	0	0	0	0	0	0	0	0	0	0	0	0	40.60cm	34
2017	138	4	4	2	3F	1	0	1	0	0	1	0	0	0	0	1	1	0	1	0	0	0	0	0	0	0	0	0	20.40cm	40
2017	138	4	4	2	3F	1	0	1	0	0	1	0	0	0	0	1	1	0	1	0	0	0	0	0	0	0	0	0	0.20cm	51
1994	138	4	4	2	3F	1	0	1	0	0	1	0	0	0	0	1	1	0	1	0	0	0	0	0	0	0	0	0	0.20cm	51
2017	138	4	4	2	3F	1	0	1	0	0	1	0	0	0	0	1	1	0	1	0	0	0	0	0	0	0	0	0	40.60cm	45
1994	139	4	4	2	3L	1	0	0	1	0	0	1	0	0	0	1	1	1	0	0	0	0	0	0	0	0	0	0	0.20cm	64
2017	139	4	4	2	3L	1	0	0	1	0	0	1	0	0	0	1	1	1	0	0	0	0	0	0	0	0	0	0	0.20cm	54
2017	139	4	4	2	3L	1	0	0	1	0	0	1	0	0	0	1	1	1	0	0	0	0	0	0	0	0	0	0	20.40cm	42
2017	139	4	4	2	3L	1	0	0	1	0	0	1	0	0	0	1	1	1	0	0	0	0	0	0	0	0	0	0	40.60cm	52
2017	142	1	1	1	3	1	0	0	0	0	0	0	0	0	0	0	1	0	0	0	0	0	0	0	0	0	0	0	40.60cm	31
1994	142	1	1	1	3	1	0	0	0	0	0	0	0	0	0	0	1	0	0	0	0	0	0	0	0	0	0	0	0.20cm	52
2017	142	1	1	1	3	1	0	0	0	0	0	0	0	0	0	0	1	0	0	0	0	0	0	0	0	0	0	0	0.20cm	45
2017	142	1	1	1	3	1	0	0	0	0	0	0	0	0	0	0	1	0	0	0	0	0	0	0	0	0	0	0	20.40cm	35
2017	146	8	9	5	34FLW	1	1	1	1	1	1	0	0	1	0	0	0	1	0	0	1	1	0	1	1	1	0	0	40.60cm	28
2017	146	8	9	5	34FLW	1	1	1	1	1	1	0	0	1	0	0	0	1	0	0	1	1	0	1	1	1	0	0	20.40cm	24
1994	146	8	9	5	34FLW	1	1	1	1	1	1	0	0	1	0	0	0	1	0	0	1	1	0	1	1	1	0	0	0.20cm	44
2017	146	8	9	5	34FLW	1	1	1	1	1	1	0	0	1	0	0	0	1	0	0	1	1	0	1	1	1	0	0	0.20cm	36
1994	149	4	6	4	4FLW	0	1	1	1	1	0	0	1	0	0	0	0	0	0	0	1	0	0	0	0	1	0	1	0.20cm	31
2017	149	4	6	4	4FLW	0	1	1	1	1	0	0	1	0	0	0	0	0	0	0	1	0	0	0	0	1	0	1	0.20cm	28
2017	149	4	6	4	4FLW	0	1	1	1	1	0	0	1	0	0	0	0	0	0	0	1	0	0	0	0	1	0	1	20.40cm	15
2017	149	4	6	4	4FLW	0	1	1	1	1	0	0	1	0	0	0	0	0	0	0	1	0	0	0	0	1	0	1	40.60cm	11
1994	156	16	17	5	34FLW	1	1	1	1	1	1	1	1	1	1	1	1	1	1	0	1	1	1	0	1	1	1	1	0.20cm	30
2017	156	16	17	5	34FLW	1	1	1	1	1	1	1	1	1	1	1	1	1	1	0	1	1	1	0	1	1	1	1	40.60cm	10
2017	156	16	17	5	34FLW	1	1	1	1	1	1	1	1	1	1	1	1	1	1	0	1	1	1	0	1	1	1	1	0.20cm	21
2017	156	16	17	5	34FLW	1	1	1	1	1	1	1	1	1	1	1	1	1	1	0	1	1	1	0	1	1	1	1	20.40cm	15
1994	157	2	2	1	3	1	0	0	0	0	0	1	0	0	0	0	1	0	0	0	0	0	0	0	0	0	0	0	0.20cm	28
2017	157	2	2	1	3	1	0	0	0	0	0	1	0	0	0	0	1	0	0	0	0	0	0	0	0	0	0	0	0.20cm	25
2017	157	2	2	1	3	1	0	0	0	0	0	1	0	0	0	0	1	0	0	0	0	0	0	0	0	0	0	0	20.40cm	12
2017	157	2	2	1	3	1	0	0	0	0	0	1	0	0	0	0	1	0	0	0	0	0	0	0	0	0	0	0	40.60cm	13
2017	160	16	17	5	34FLW	1	1	1	1	1	1	1	1	1	1	0	1	1	1	1	1	1	1	0	1	1	1	1	40.60cm	34
1994	160	16	17	5	34FLW	1	1	1	1	1	1	1	1	1	1	0	1	1	1	1	1	1	1	0	1	1	1	1	0.20cm	57
2017	160	16	17	5	34FLW	1	1	1	1	1	1	1	1	1	1	0	1	1	1	1	1	1	1	0	1	1	1	1	0.20cm	46
2017	160	16	17	5	34FLW	1	1	1	1	1	1	1	1	1	1	0	1	1	1	1	1	1	1	0	1	1	1	1	20.40cm	42
2017	163	1	1	1	4	0	1	0	0	0	0	0	0	0	0	0	0	0	0	0	0	0	0	0	0	0	0	1	40.60cm	41
2017	163	1	1	1	4	0	1	0	0	0	0	0	0	0	0	0	0	0	0	0	0	0	0	0	0	0	0	1	20.40cm	50
1994	163	1	1	1	4	0	1	0	0	0	0	0	0	0	0	0	0	0	0	0	0	0	0	0	0	0	0	1	0.20cm	64
2017	163	1	1	1	4	0	1	0	0	0	0	0	0	0	0	0	0	0	0	0	0	0	0	0	0	0	0	1	0.20cm	44
1994	164	16	17	5	34FLW	1	1	1	1	1	0	1	1	1	1	1	1	1	1	0	1	1	1	1	1	1	1	1	0.20cm	59
2017	164	16	17	5	34FLW	1	1	1	1	1	0	1	1	1	1	1	1	1	1	0	1	1	1	1	1	1	1	1	0.20cm	43
2017	164	16	17	5	34FLW	1	1	1	1	1	0	1	1	1	1	1	1	1	1	0	1	1	1	1	1	1	1	1	20.40cm	46
2017	164	16	17	5	34FLW	1	1	1	1	1	0	1	1	1	1	1	1	1	1	0	1	1	1	1	1	1	1	1	40.60cm	65
1994	165	2	2	2	34	1	1	0	0	0	0	0	0	0	0	0	0	0	0	0	0	0	0	1	0	0	0	1	0.20cm	53
2017	165	2	2	2	34	1	1	0	0	0	0	0	0	0	0	0	0	0	0	0	0	0	0	1	0	0	0	1	40.60cm	51
2017	165	2	2	2	34	1	1	0	0	0	0	0	0	0	0	0	0	0	0	0	0	0	0	1	0	0	0	1	20.40cm	58
2017	165	2	2	2	34	1	1	0	0	0	0	0	0	0	0	0	0	0	0	0	0	0	0	1	0	0	0	1	0.20cm	43
2017	167	1	1	1	F	0	0	1	0	0	0	0	0	0	0	0	0	0	1	0	0	0	0	0	0	0	0	0	20.40cm	62
2017	167	1	1	1	F	0	0	1	0	0	0	0	0	0	0	0	0	0	1	0	0	0	0	0	0	0	0	0	40.60cm	70
2017	167	1	1	1	F	0	0	1	0	0	0	0	0	0	0	0	0	0	1	0	0	0	0	0	0	0	0	0	0.20cm	48
1994	167	1	1	1	F	0	0	1	0	0	0	0	0	0	0	0	0	0	1	0	0	0	0	0	0	0	0	0	0.20cm	58
2017	168	2	2	2	34	1	1	0	0	0	0	0	0	1	0	0	1	0	0	0	0	0	0	0	0	0	0	0	0.20cm	35
2017	168	2	2	2	34	1	1	0	0	0	0	0	0	1	0	0	1	0	0	0	0	0	0	0	0	0	0	0	20.40cm	32
2017	168	2	2	2	34	1	1	0	0	0	0	0	0	1	0	0	1	0	0	0	0	0	0	0	0	0	0	0	40.60cm	29
1994	168	2	2	2	34	1	1	0	0	0	0	0	0	1	0	0	1	0	0	0	0	0	0	0	0	0	0	0	0.20cm	37
2017	169	16	17	5	34FLW	1	1	1	1	1	1	1	0	1	1	1	1	1	1	1	1	1	1	1	1	1	0	1	40.60cm	34
1994	169	16	17	5	34FLW	1	1	1	1	1	1	1	0	1	1	1	1	1	1	1	1	1	1	1	1	1	0	1	0.20cm	50
2017	169	16	17	5	34FLW	1	1	1	1	1	1	1	0	1	1	1	1	1	1	1	1	1	1	1	1	1	0	1	0.20cm	38
2017	169	16	17	5	34FLW	1	1	1	1	1	1	1	0	1	1	1	1	1	1	1	1	1	1	1	1	1	0	1	20.40cm	39
2017	170	8	10	4	3FLW	1	0	1	1	1	1	0	1	0	1	1	1	0	0	0	1	0	1	0	1	0	0	0	0.20cm	44
2017	170	8	10	4	3FLW	1	0	1	1	1	1	0	1	0	1	1	1	0	0	0	1	0	1	0	1	0	0	0	20.40cm	39
2017	170	8	10	4	3FLW	1	0	1	1	1	1	0	1	0	1	1	1	0	0	0	1	0	1	0	1	0	0	0	40.60cm	38
1994	170	8	10	4	3FLW	1	0	1	1	1	1	0	1	0	1	1	1	0	0	0	1	0	1	0	1	0	0	0	0.20cm	45
1994	171	2	2	2	3L	1	0	0	1	0	0	0	0	0	0	0	1	0	0	1	0	0	0	0	0	0	0	0	0.20cm	57
2017	171	2	2	2	3L	1	0	0	1	0	0	0	0	0	0	0	1	0	0	1	0	0	0	0	0	0	0	0	0.20cm	53
2017	171	2	2	2	3L	1	0	0	1	0	0	0	0	0	0	0	1	0	0	1	0	0	0	0	0	0	0	0	20.40cm	43
2017	171	2	2	2	3L	1	0	0	1	0	0	0	0	0	0	0	1	0	0	1	0	0	0	0	0	0	0	0	40.60cm	58
1994	174	16	17	5	34FLW	1	1	1	1	1	1	1	1	0	1	1	1	1	1	1	1	1	1	0	1	1	1	1	0.20cm	52
2017	174	16	17	5	34FLW	1	1	1	1	1	1	1	1	0	1	1	1	1	1	1	1	1	1	0	1	1	1	1	40.60cm	35
2017	174	16	17	5	34FLW	1	1	1	1	1	1	1	1	0	1	1	1	1	1	1	1	1	1	0	1	1	1	1	0.20cm	40
2017	174	16	17	5	34FLW	1	1	1	1	1	1	1	1	0	1	1	1	1	1	1	1	1	1	0	1	1	1	1	20.40cm	36
1994	175	2	2	2	4L	0	1	0	1	0	0	0	0	0	0	0	0	0	0	1	0	0	0	0	0	0	0	1	0.20cm	43
2017	175	2	2	2	4L	0	1	0	1	0	0	0	0	0	0	0	0	0	0	1	0	0	0	0	0	0	0	1	0.20cm	40
2017	175	2	2	2	4L	0	1	0	1	0	0	0	0	0	0	0	0	0	0	1	0	0	0	0	0	0	0	1	20.40cm	30
2017	175	2	2	2	4L	0	1	0	1	0	0	0	0	0	0	0	0	0	0	1	0	0	0	0	0	0	0	1	40.60cm	30
2017	176	4	4	3	34F	1	1	1	0	0	0	1	0	0	0	0	0	0	1	0	0	1	0	1	0	0	0	0	40.60cm	41
2017	176	4	4	3	34F	1	1	1	0	0	0	1	0	0	0	0	0	0	1	0	0	1	0	1	0	0	0	0	20.40cm	41
2017	176	4	4	3	34F	1	1	1	0	0	0	1	0	0	0	0	0	0	1	0	0	1	0	1	0	0	0	0	0.20cm	43
1994	176	4	4	3	34F	1	1	1	0	0	0	1	0	0	0	0	0	0	1	0	0	1	0	1	0	0	0	0	0.20cm	68
2017	177	8	9	5	34FLW	1	1	1	1	1	0	0	1	1	1	0	1	0	1	0	0	0	0	0	0	1	1	1	0.20cm	46
2017	177	8	9	5	34FLW	1	1	1	1	1	0	0	1	1	1	0	1	0	1	0	0	0	0	0	0	1	1	1	20.40cm	60
2017	177	8	9	5	34FLW	1	1	1	1	1	0	0	1	1	1	0	1	0	1	0	0	0	0	0	0	1	1	1	40.60cm	72
1994	177	8	9	5	34FLW	1	1	1	1	1	0	0	1	1	1	0	1	0	1	0	0	0	0	0	0	1	1	1	0.20cm	64
2017	178	8	9	3	34F	1	1	1	0	0	1	1	0	0	0	1	1	0	1	0	1	1	0	0	0	0	1	0	40.60cm	142
1994	178	8	9	3	34F	1	1	1	0	0	1	1	0	0	0	1	1	0	1	0	1	1	0	0	0	0	1	0	0.20cm	108
2017	178	8	9	3	34F	1	1	1	0	0	1	1	0	0	0	1	1	0	1	0	1	1	0	0	0	0	1	0	0.20cm	60
2017	178	8	9	3	34F	1	1	1	0	0	1	1	0	0	0	1	1	0	1	0	1	1	0	0	0	0	1	0	20.40cm	99
2017	185	1	1	1	L	0	0	0	1	0	0	0	0	0	0	0	0	0	0	0	0	0	1	0	0	0	0	0	40.60cm	32
2017	185	1	1	1	L	0	0	0	1	0	0	0	0	0	0	0	0	0	0	0	0	0	1	0	0	0	0	0	20.40cm	34
1994	185	1	1	1	L	0	0	0	1	0	0	0	0	0	0	0	0	0	0	0	0	0	1	0	0	0	0	0	0.20cm	57
2017	185	1	1	1	L	0	0	0	1	0	0	0	0	0	0	0	0	0	0	0	0	0	1	0	0	0	0	0	0.20cm	36
1994	186	16	17	5	34FLW	1	1	1	1	1	1	1	1	0	1	1	1	1	0	1	1	1	1	1	1	1	1	1	0.20cm	53
2017	186	16	17	5	34FLW	1	1	1	1	1	1	1	1	0	1	1	1	1	0	1	1	1	1	1	1	1	1	1	0.20cm	27
2017	186	16	17	5	34FLW	1	1	1	1	1	1	1	1	0	1	1	1	1	0	1	1	1	1	1	1	1	1	1	20.40cm	22
2017	186	16	17	5	34FLW	1	1	1	1	1	1	1	1	0	1	1	1	1	0	1	1	1	1	1	1	1	1	1	40.60cm	23
2017	190	4	4	3	FLW	0	0	1	1	1	0	0	0	0	0	0	0	1	1	0	0	0	1	0	0	1	0	0	20.40cm	14
2017	190	4	4	3	FLW	0	0	1	1	1	0	0	0	0	0	0	0	1	1	0	0	0	1	0	0	1	0	0	40.60cm	14
2017	190	4	4	3	FLW	0	0	1	1	1	0	0	0	0	0	0	0	1	1	0	0	0	1	0	0	1	0	0	0.20cm	24
1994	190	4	4	3	FLW	0	0	1	1	1	0	0	0	0	0	0	0	1	1	0	0	0	1	0	0	1	0	0	0.20cm	34
2017	193	2	2	2	4L	0	1	0	1	0	0	0	0	1	0	0	0	0	0	1	0	0	0	0	0	0	0	0	0.20cm	19
2017	193	2	2	2	4L	0	1	0	1	0	0	0	0	1	0	0	0	0	0	1	0	0	0	0	0	0	0	0	20.40cm	8
2017	193	2	2	2	4L	0	1	0	1	0	0	0	0	1	0	0	0	0	0	1	0	0	0	0	0	0	0	0	40.60cm	8
1994	193	2	2	2	4L	0	1	0	1	0	0	0	0	1	0	0	0	0	0	1	0	0	0	0	0	0	0	0	0.20cm	29
2017	197	2	2	2	4F	0	1	1	0	0	0	0	0	0	1	0	0	0	0	0	0	1	0	0	0	0	0	0	40.60cm	43
1994	197	2	2	2	4F	0	1	1	0	0	0	0	0	0	1	0	0	0	0	0	0	1	0	0	0	0	0	0	0.20cm	53
2017	197	2	2	2	4F	0	1	1	0	0	0	0	0	0	1	0	0	0	0	0	0	1	0	0	0	0	0	0	0.20cm	31
2017	197	2	2	2	4F	0	1	1	0	0	0	0	0	0	1	0	0	0	0	0	0	1	0	0	0	0	0	0	20.40cm	39
2017	199	4	4	3	4LW	0	1	0	1	1	0	0	0	0	0	0	0	0	0	1	0	0	0	0	1	1	1	0	40.60cm	22
2017	199	4	4	3	4LW	0	1	0	1	1	0	0	0	0	0	0	0	0	0	1	0	0	0	0	1	1	1	0	20.40cm	18
1994	199	4	4	3	4LW	0	1	0	1	1	0	0	0	0	0	0	0	0	0	1	0	0	0	0	1	1	1	0	0.20cm	51
2017	199	4	4	3	4LW	0	1	0	1	1	0	0	0	0	0	0	0	0	0	1	0	0	0	0	1	1	1	0	0.20cm	28
1994	201	4	4	3	4LW	0	1	0	1	1	0	0	0	0	0	0	0	1	0	0	0	0	1	0	1	0	0	1	0.20cm	44
2017	201	4	4	3	4LW	0	1	0	1	1	0	0	0	0	0	0	0	1	0	0	0	0	1	0	1	0	0	1	0.20cm	31
2017	201	4	4	3	4LW	0	1	0	1	1	0	0	0	0	0	0	0	1	0	0	0	0	1	0	1	0	0	1	20.40cm	40
2017	201	4	4	3	4LW	0	1	0	1	1	0	0	0	0	0	0	0	1	0	0	0	0	1	0	1	0	0	1	40.60cm	50
2017	202	16	17	4	34FL	1	1	1	1	0	1	1	1	1	1	1	1	1	1	1	1	1	1	1	0	0	1	1	20.40cm	55
2017	202	16	17	4	34FL	1	1	1	1	0	1	1	1	1	1	1	1	1	1	1	1	1	1	1	0	0	1	1	0.20cm	51
1994	202	16	17	4	34FL	1	1	1	1	0	1	1	1	1	1	1	1	1	1	1	1	1	1	1	0	0	1	1	0.20cm	66
2017	202	16	17	4	34FL	1	1	1	1	0	1	1	1	1	1	1	1	1	1	1	1	1	1	1	0	0	1	1	40.60cm	60
1994	205	1	1	1	L	0	0	0	1	0	0	0	0	0	0	0	0	0	0	0	0	0	1	0	0	0	0	0	0.20cm	55
2017	205	1	1	1	L	0	0	0	1	0	0	0	0	0	0	0	0	0	0	0	0	0	1	0	0	0	0	0	0.20cm	39
2017	205	1	1	1	L	0	0	0	1	0	0	0	0	0	0	0	0	0	0	0	0	0	1	0	0	0	0	0	20.40cm	56
2017	205	1	1	1	L	0	0	0	1	0	0	0	0	0	0	0	0	0	0	0	0	0	1	0	0	0	0	0	40.60cm	47
2017	206	8	9	4	34FL	1	1	1	1	0	0	1	0	1	1	0	0	1	0	1	1	0	0	1	0	0	0	1	40.60cm	43
1994	206	8	9	4	34FL	1	1	1	1	0	0	1	0	1	1	0	0	1	0	1	1	0	0	1	0	0	0	1	0.20cm	61
2017	206	8	9	4	34FL	1	1	1	1	0	0	1	0	1	1	0	0	1	0	1	1	0	0	1	0	0	0	1	0.20cm	44
2017	206	8	9	4	34FL	1	1	1	1	0	0	1	0	1	1	0	0	1	0	1	1	0	0	1	0	0	0	1	20.40cm	44
2017	208	8	8	4	34FL	1	1	1	1	0	1	1	0	0	0	0	1	1	0	1	0	1	0	1	0	0	1	0	40.60cm	61
2017	208	8	8	4	34FL	1	1	1	1	0	1	1	0	0	0	0	1	1	0	1	0	1	0	1	0	0	1	0	20.40cm	49
1994	208	8	8	4	34FL	1	1	1	1	0	1	1	0	0	0	0	1	1	0	1	0	1	0	1	0	0	1	0	0.20cm	62
2017	208	8	8	4	34FL	1	1	1	1	0	1	1	0	0	0	0	1	1	0	1	0	1	0	1	0	0	1	0	0.20cm	44
1994	210	8	8	4	34FL	1	1	1	1	0	1	0	0	0	0	1	1	1	1	1	0	0	0	1	0	0	1	0	0.20cm	63
2017	210	8	8	4	34FL	1	1	1	1	0	1	0	0	0	0	1	1	1	1	1	0	0	0	1	0	0	1	0	0.20cm	44
2017	210	8	8	4	34FL	1	1	1	1	0	1	0	0	0	0	1	1	1	1	1	0	0	0	1	0	0	1	0	20.40cm	47
2017	210	8	8	4	34FL	1	1	1	1	0	1	0	0	0	0	1	1	1	1	1	0	0	0	1	0	0	1	0	40.60cm	71
2017	211	2	4	2	FL	0	0	1	1	0	0	0	1	0	0	0	0	0	0	0	1	0	0	0	0	0	0	0	20.40cm	63
2017	211	2	4	2	FL	0	0	1	1	0	0	0	1	0	0	0	0	0	0	0	1	0	0	0	0	0	0	0	40.60cm	79
2017	211	2	4	2	FL	0	0	1	1	0	0	0	1	0	0	0	0	0	0	0	1	0	0	0	0	0	0	0	0.20cm	52
1994	211	2	4	2	FL	0	0	1	1	0	0	0	1	0	0	0	0	0	0	0	1	0	0	0	0	0	0	0	0.20cm	57
2017	213	8	9	5	34FLW	1	1	1	1	1	1	0	1	1	0	0	1	1	0	0	0	0	0	1	0	1	1	0	0.20cm	44
2017	213	8	9	5	34FLW	1	1	1	1	1	1	0	1	1	0	0	1	1	0	0	0	0	0	1	0	1	1	0	20.40cm	53
2017	213	8	9	5	34FLW	1	1	1	1	1	1	0	1	1	0	0	1	1	0	0	0	0	0	1	0	1	1	0	40.60cm	54
1994	213	8	9	5	34FLW	1	1	1	1	1	1	0	1	1	0	0	1	1	0	0	0	0	0	1	0	1	1	0	0.20cm	58
2017	220	16	17	5	34FLW	1	1	1	1	1	1	1	1	1	1	0	1	1	0	1	1	1	1	1	1	1	1	1	40.60cm	18
1994	220	16	17	5	34FLW	1	1	1	1	1	1	1	1	1	1	0	1	1	0	1	1	1	1	1	1	1	1	1	0.20cm	69
2017	220	16	17	5	34FLW	1	1	1	1	1	1	1	1	1	1	0	1	1	0	1	1	1	1	1	1	1	1	1	0.20cm	43
2017	220	16	17	5	34FLW	1	1	1	1	1	1	1	1	1	1	0	1	1	0	1	1	1	1	1	1	1	1	1	20.40cm	31
2017	223	4	4	3	3FW	1	0	1	0	1	0	0	0	0	0	0	1	0	1	0	0	0	0	1	1	0	0	0	40.60cm	16
2017	223	4	4	3	3FW	1	0	1	0	1	0	0	0	0	0	0	1	0	1	0	0	0	0	1	1	0	0	0	20.40cm	18
1994	223	4	4	3	3FW	1	0	1	0	1	0	0	0	0	0	0	1	0	1	0	0	0	0	1	1	0	0	0	0.20cm	30
2017	223	4	4	3	3FW	1	0	1	0	1	0	0	0	0	0	0	1	0	1	0	0	0	0	1	1	0	0	0	0.20cm	27
1994	224	2	2	2	4F	0	1	1	0	0	1	0	0	0	0	0	0	0	0	0	0	0	0	0	0	0	0	1	0.20cm	44
2017	224	2	2	2	4F	0	1	1	0	0	1	0	0	0	0	0	0	0	0	0	0	0	0	0	0	0	0	1	0.20cm	31
2017	224	2	2	2	4F	0	1	1	0	0	1	0	0	0	0	0	0	0	0	0	0	0	0	0	0	0	0	1	20.40cm	29
2017	224	2	2	2	4F	0	1	1	0	0	1	0	0	0	0	0	0	0	0	0	0	0	0	0	0	0	0	1	40.60cm	27
2017	225	4	4	4	34LW	1	1	0	1	1	0	0	0	0	0	1	0	0	0	0	0	0	1	0	1	0	1	0	20.40cm	15
2017	225	4	4	4	34LW	1	1	0	1	1	0	0	0	0	0	1	0	0	0	0	0	0	1	0	1	0	1	0	0.20cm	21
1994	225	4	4	4	34LW	1	1	0	1	1	0	0	0	0	0	1	0	0	0	0	0	0	1	0	1	0	1	0	0.20cm	30
2017	225	4	4	4	34LW	1	1	0	1	1	0	0	0	0	0	1	0	0	0	0	0	0	1	0	1	0	1	0	40.60cm	13
1994	227	16	17	5	34FLW	1	1	1	1	1	0	1	1	1	1	1	1	1	1	1	1	1	1	1	0	1	1	1	0.20cm	42
2017	227	16	17	5	34FLW	1	1	1	1	1	0	1	1	1	1	1	1	1	1	1	1	1	1	1	0	1	1	1	0.20cm	26
2017	227	16	17	5	34FLW	1	1	1	1	1	0	1	1	1	1	1	1	1	1	1	1	1	1	1	0	1	1	1	20.40cm	16
2017	227	16	17	5	34FLW	1	1	1	1	1	0	1	1	1	1	1	1	1	1	1	1	1	1	1	0	1	1	1	40.60cm	12
2017	229	4	4	3	34L	1	1	0	1	0	0	0	0	1	0	0	0	0	0	0	0	0	1	1	0	0	1	0	40.60cm	10
1994	229	4	4	3	34L	1	1	0	1	0	0	0	0	1	0	0	0	0	0	0	0	0	1	1	0	0	1	0	0.20cm	20
2017	229	4	4	3	34L	1	1	0	1	0	0	0	0	1	0	0	0	0	0	0	0	0	1	1	0	0	1	0	0.20cm	18
2017	229	4	4	3	34L	1	1	0	1	0	0	0	0	1	0	0	0	0	0	0	0	0	1	1	0	0	1	0	20.40cm	10
2017	230	1	1	1	4	0	1	0	0	0	0	0	0	0	0	0	0	0	0	0	0	1	0	0	0	0	0	0	40.60cm	11
2017	230	1	1	1	4	0	1	0	0	0	0	0	0	0	0	0	0	0	0	0	0	1	0	0	0	0	0	0	20.40cm	14
1994	230	1	1	1	4	0	1	0	0	0	0	0	0	0	0	0	0	0	0	0	0	1	0	0	0	0	0	0	0.20cm	35
2017	230	1	1	1	4	0	1	0	0	0	0	0	0	0	0	0	0	0	0	0	0	1	0	0	0	0	0	0	0.20cm	23
1994	232	8	10	5	34FLW	1	1	1	1	1	0	0	1	0	0	0	1	0	0	1	1	1	0	0	1	0	1	1	0.20cm	49
2017	232	8	10	5	34FLW	1	1	1	1	1	0	0	1	0	0	0	1	0	0	1	1	1	0	0	1	0	1	1	0.20cm	36
2017	232	8	10	5	34FLW	1	1	1	1	1	0	0	1	0	0	0	1	0	0	1	1	1	0	0	1	0	1	1	20.40cm	39
2017	232	8	10	5	34FLW	1	1	1	1	1	0	0	1	0	0	0	1	0	0	1	1	1	0	0	1	0	1	1	40.60cm	35
2017	233	4	4	4	3FLW	1	0	1	1	1	0	0	0	0	0	0	0	0	1	0	0	0	1	1	1	0	0	0	0.20cm	50
2017	233	4	4	4	3FLW	1	0	1	1	1	0	0	0	0	0	0	0	0	1	0	0	0	1	1	1	0	0	0	20.40cm	54
1994	233	4	4	4	3FLW	1	0	1	1	1	0	0	0	0	0	0	0	0	1	0	0	0	1	1	1	0	0	0	0.20cm	65
2017	233	4	4	4	3FLW	1	0	1	1	1	0	0	0	0	0	0	0	0	1	0	0	0	1	1	1	0	0	0	40.60cm	38
1994	234	2	2	2	3L	1	0	0	1	0	0	0	0	0	0	1	0	0	0	1	0	0	0	0	0	0	0	0	0.20cm	43
2017	234	2	2	2	3L	1	0	0	1	0	0	0	0	0	0	1	0	0	0	1	0	0	0	0	0	0	0	0	0.20cm	33
2017	234	2	2	2	3L	1	0	0	1	0	0	0	0	0	0	1	0	0	0	1	0	0	0	0	0	0	0	0	20.40cm	20
2017	234	2	2	2	3L	1	0	0	1	0	0	0	0	0	0	1	0	0	0	1	0	0	0	0	0	0	0	0	40.60cm	17
2017	235	16	17	5	34FLW	1	1	1	1	1	1	1	1	1	1	0	0	1	1	1	1	1	1	1	1	1	1	1	40.60cm	15
1994	235	16	17	5	34FLW	1	1	1	1	1	1	1	1	1	1	0	0	1	1	1	1	1	1	1	1	1	1	1	0.20cm	32
2017	235	16	17	5	34FLW	1	1	1	1	1	1	1	1	1	1	0	0	1	1	1	1	1	1	1	1	1	1	1	0.20cm	25
2017	235	16	17	5	34FLW	1	1	1	1	1	1	1	1	1	1	0	0	1	1	1	1	1	1	1	1	1	1	1	20.40cm	15
2017	236	2	2	2	4L	0	1	0	1	0	0	0	0	0	0	0	0	1	0	0	0	1	0	0	0	0	0	0	40.60cm	18
2017	236	2	2	2	4L	0	1	0	1	0	0	0	0	0	0	0	0	1	0	0	0	1	0	0	0	0	0	0	20.40cm	16
1994	236	2	2	2	4L	0	1	0	1	0	0	0	0	0	0	0	0	1	0	0	0	1	0	0	0	0	0	0	0.20cm	38
2017	236	2	2	2	4L	0	1	0	1	0	0	0	0	0	0	0	0	1	0	0	0	1	0	0	0	0	0	0	0.20cm	22
1994	237	1	1	1	3	1	0	0	0	0	0	0	0	0	0	0	0	0	0	0	0	0	0	1	0	0	0	0	0.20cm	46
2017	237	1	1	1	3	1	0	0	0	0	0	0	0	0	0	0	0	0	0	0	0	0	0	1	0	0	0	0	0.20cm	29
2017	237	1	1	1	3	1	0	0	0	0	0	0	0	0	0	0	0	0	0	0	0	0	0	1	0	0	0	0	20.40cm	25
2017	237	1	1	1	3	1	0	0	0	0	0	0	0	0	0	0	0	0	0	0	0	0	0	1	0	0	0	0	40.60cm	25
2017	239	16	17	5	34FLW	1	1	1	1	1	1	1	1	1	1	1	1	1	0	1	1	0	1	1	1	1	1	1	20.40cm	61
2017	239	16	17	5	34FLW	1	1	1	1	1	1	1	1	1	1	1	1	1	0	1	1	0	1	1	1	1	1	1	0.20cm	39
1994	239	16	17	5	34FLW	1	1	1	1	1	1	1	1	1	1	1	1	1	0	1	1	0	1	1	1	1	1	1	0.20cm	60
2017	239	16	17	5	34FLW	1	1	1	1	1	1	1	1	1	1	1	1	1	0	1	1	0	1	1	1	1	1	1	40.60cm	64
1994	242	16	17	5	34FLW	1	1	1	1	1	0	1	1	1	1	1	1	0	1	1	1	1	1	1	1	1	1	1	0.20cm	72
2017	242	16	17	5	34FLW	1	1	1	1	1	0	1	1	1	1	1	1	0	1	1	1	1	1	1	1	1	1	1	0.20cm	46
2017	242	16	17	5	34FLW	1	1	1	1	1	0	1	1	1	1	1	1	0	1	1	1	1	1	1	1	1	1	1	20.40cm	54
2017	242	16	17	5	34FLW	1	1	1	1	1	0	1	1	1	1	1	1	0	1	1	1	1	1	1	1	1	1	1	40.60cm	55
1994	253	16	17	5	34FLW	1	1	1	1	1	1	1	1	1	1	0	1	1	1	1	1	1	1	1	0	1	1	1	0.20cm	69
2017	253	16	17	5	34FLW	1	1	1	1	1	1	1	1	1	1	0	1	1	1	1	1	1	1	1	0	1	1	1	0.20cm	45
2017	253	16	17	5	34FLW	1	1	1	1	1	1	1	1	1	1	0	1	1	1	1	1	1	1	1	0	1	1	1	20.40cm	57
2017	253	16	17	5	34FLW	1	1	1	1	1	1	1	1	1	1	0	1	1	1	1	1	1	1	1	0	1	1	1	40.60cm	50
2017	257	16	17	5	34FLW	1	1	1	1	1	1	1	1	0	0	1	1	1	1	1	1	1	1	1	1	1	1	1	0.20cm	40
2017	257	16	17	5	34FLW	1	1	1	1	1	1	1	1	0	0	1	1	1	1	1	1	1	1	1	1	1	1	1	20.40cm	48
1994	257	16	17	5	34FLW	1	1	1	1	1	1	1	1	0	0	1	1	1	1	1	1	1	1	1	1	1	1	1	0.20cm	53
2017	257	16	17	5	34FLW	1	1	1	1	1	1	1	1	0	0	1	1	1	1	1	1	1	1	1	1	1	1	1	40.60cm	44
1994	259	2	2	2	4L	0	1	0	1	0	0	0	0	0	0	0	0	1	0	0	0	0	0	0	0	0	1	0	0.20cm	37
2017	259	2	2	2	4L	0	1	0	1	0	0	0	0	0	0	0	0	1	0	0	0	0	0	0	0	0	1	0	0.20cm	26
2017	259	2	2	2	4L	0	1	0	1	0	0	0	0	0	0	0	0	1	0	0	0	0	0	0	0	0	1	0	20.40cm	18
2017	259	2	2	2	4L	0	1	0	1	0	0	0	0	0	0	0	0	1	0	0	0	0	0	0	0	0	1	0	40.60cm	14
2017	265	1	1	1	L	0	0	0	1	0	0	0	0	0	0	0	0	0	0	1	0	0	0	0	0	0	0	0	40.60cm	14
1994	265	1	1	1	L	0	0	0	1	0	0	0	0	0	0	0	0	0	0	1	0	0	0	0	0	0	0	0	0.20cm	31
2017	265	1	1	1	L	0	0	0	1	0	0	0	0	0	0	0	0	0	0	1	0	0	0	0	0	0	0	0	0.20cm	25
2017	265	1	1	1	L	0	0	0	1	0	0	0	0	0	0	0	0	0	0	1	0	0	0	0	0	0	0	0	20.40cm	15
2017	266	8	9	5	34FLW	1	1	1	1	1	1	1	1	1	0	0	0	0	0	0	0	0	1	0	0	1	1	1	40.60cm	13
2017	266	8	9	5	34FLW	1	1	1	1	1	1	1	1	1	0	0	0	0	0	0	0	0	1	0	0	1	1	1	20.40cm	11
1994	266	8	9	5	34FLW	1	1	1	1	1	1	1	1	1	0	0	0	0	0	0	0	0	1	0	0	1	1	1	0.20cm	29
2017	266	8	9	5	34FLW	1	1	1	1	1	1	1	1	1	0	0	0	0	0	0	0	0	1	0	0	1	1	1	0.20cm	20
1994	267	1	1	1	F	0	0	1	0	0	0	0	0	0	0	0	0	0	1	0	0	0	0	0	0	0	0	0	0.20cm	34
2017	267	1	1	1	F	0	0	1	0	0	0	0	0	0	0	0	0	0	1	0	0	0	0	0	0	0	0	0	0.20cm	29
2017	267	1	1	1	F	0	0	1	0	0	0	0	0	0	0	0	0	0	1	0	0	0	0	0	0	0	0	0	20.40cm	21
2017	267	1	1	1	F	0	0	1	0	0	0	0	0	0	0	0	0	0	1	0	0	0	0	0	0	0	0	0	40.60cm	22
2017	268	1	1	1	3	1	0	0	0	0	0	0	0	0	0	0	1	0	0	0	0	0	0	0	0	0	0	0	20.40cm	41
2017	268	1	1	1	3	1	0	0	0	0	0	0	0	0	0	0	1	0	0	0	0	0	0	0	0	0	0	0	0.20cm	39
1994	268	1	1	1	3	1	0	0	0	0	0	0	0	0	0	0	1	0	0	0	0	0	0	0	0	0	0	0	0.20cm	63
2017	268	1	1	1	3	1	0	0	0	0	0	0	0	0	0	0	1	0	0	0	0	0	0	0	0	0	0	0	40.60cm	45
1994	273	16	17	5	34FLW	1	1	1	1	1	1	0	0	1	1	1	1	1	1	1	1	1	1	1	1	1	1	1	0.20cm	60
2017	273	16	17	5	34FLW	1	1	1	1	1	1	0	0	1	1	1	1	1	1	1	1	1	1	1	1	1	1	1	0.20cm	57
2017	273	16	17	5	34FLW	1	1	1	1	1	1	0	0	1	1	1	1	1	1	1	1	1	1	1	1	1	1	1	20.40cm	56
2017	273	16	17	5	34FLW	1	1	1	1	1	1	0	0	1	1	1	1	1	1	1	1	1	1	1	1	1	1	1	40.60cm	96
2017	278	2	2	2	34	1	1	0	0	0	0	0	0	0	0	1	0	0	0	0	0	0	0	0	0	0	0	1	40.60cm	25
1994	278	2	2	2	34	1	1	0	0	0	0	0	0	0	0	1	0	0	0	0	0	0	0	0	0	0	0	1	0.20cm	38
2017	278	2	2	2	34	1	1	0	0	0	0	0	0	0	0	1	0	0	0	0	0	0	0	0	0	0	0	1	0.20cm	27
2017	278	2	2	2	34	1	1	0	0	0	0	0	0	0	0	1	0	0	0	0	0	0	0	0	0	0	0	1	20.40cm	31
2017	280	1	1	1	4	0	1	0	0	0	0	0	0	0	0	0	0	0	0	0	0	0	0	0	0	0	1	0	40.60cm	62
2017	280	1	1	1	4	0	1	0	0	0	0	0	0	0	0	0	0	0	0	0	0	0	0	0	0	0	1	0	20.40cm	65
1994	280	1	1	1	4	0	1	0	0	0	0	0	0	0	0	0	0	0	0	0	0	0	0	0	0	0	1	0	0.20cm	56
2017	280	1	1	1	4	0	1	0	0	0	0	0	0	0	0	0	0	0	0	0	0	0	0	0	0	0	1	0	0.20cm	40
1994	282	1	1	1	4	0	1	0	0	0	0	0	0	0	0	0	0	0	0	0	0	0	0	0	0	0	0	1	0.20cm	68
2017	282	1	1	1	4	0	1	0	0	0	0	0	0	0	0	0	0	0	0	0	0	0	0	0	0	0	0	1	0.20cm	50
2017	282	1	1	1	4	0	1	0	0	0	0	0	0	0	0	0	0	0	0	0	0	0	0	0	0	0	0	1	20.40cm	60
2017	282	1	1	1	4	0	1	0	0	0	0	0	0	0	0	0	0	0	0	0	0	0	0	0	0	0	0	1	40.60cm	68
2017	283	8	8	3	34F	1	1	1	0	0	1	1	0	1	1	1	0	0	0	0	0	1	0	0	0	0	1	1	0.20cm	48
2017	283	8	8	3	34F	1	1	1	0	0	1	1	0	1	1	1	0	0	0	0	0	1	0	0	0	0	1	1	20.40cm	56
1994	283	8	8	3	34F	1	1	1	0	0	1	1	0	1	1	1	0	0	0	0	0	1	0	0	0	0	1	1	0.20cm	54
2017	283	8	8	3	34F	1	1	1	0	0	1	1	0	1	1	1	0	0	0	0	0	1	0	0	0	0	1	1	40.60cm	65
1994	286	4	4	3	34L	1	1	0	1	0	0	0	0	0	0	0	0	1	0	0	0	0	0	1	0	0	1	1	0.20cm	69
2017	286	4	4	3	34L	1	1	0	1	0	0	0	0	0	0	0	0	1	0	0	0	0	0	1	0	0	1	1	0.20cm	51
2017	286	4	4	3	34L	1	1	0	1	0	0	0	0	0	0	0	0	1	0	0	0	0	0	1	0	0	1	1	20.40cm	51
2017	286	4	4	3	34L	1	1	0	1	0	0	0	0	0	0	0	0	1	0	0	0	0	0	1	0	0	1	1	40.60cm	48
2017	287	4	5	3	34F	1	1	1	0	0	1	0	0	0	0	1	0	0	0	0	1	0	0	0	0	0	1	0	40.60cm	49
1994	287	4	5	3	34F	1	1	1	0	0	1	0	0	0	0	1	0	0	0	0	1	0	0	0	0	0	1	0	0.20cm	61
2017	287	4	5	3	34F	1	1	1	0	0	1	0	0	0	0	1	0	0	0	0	1	0	0	0	0	0	1	0	0.20cm	39
2017	287	4	5	3	34F	1	1	1	0	0	1	0	0	0	0	1	0	0	0	0	1	0	0	0	0	0	1	0	20.40cm	51
2017	290	1	2	1	F	0	0	1	0	0	0	0	0	0	0	0	0	0	0	0	1	0	0	0	0	0	0	0	40.60cm	63
2017	290	1	2	1	F	0	0	1	0	0	0	0	0	0	0	0	0	0	0	0	1	0	0	0	0	0	0	0	20.40cm	51
1994	290	1	2	1	F	0	0	1	0	0	0	0	0	0	0	0	0	0	0	0	1	0	0	0	0	0	0	0	0.20cm	61
2017	290	1	2	1	F	0	0	1	0	0	0	0	0	0	0	0	0	0	0	0	1	0	0	0	0	0	0	0	0.20cm	46
1994	291	1	1	1	L	0	0	0	1	0	0	0	0	0	0	0	0	0	0	0	0	0	1	0	0	0	0	0	0.20cm	66
2017	291	1	1	1	L	0	0	0	1	0	0	0	0	0	0	0	0	0	0	0	0	0	1	0	0	0	0	0	0.20cm	43
2017	291	1	1	1	L	0	0	0	1	0	0	0	0	0	0	0	0	0	0	0	0	0	1	0	0	0	0	0	20.40cm	47
2017	291	1	1	1	L	0	0	0	1	0	0	0	0	0	0	0	0	0	0	0	0	0	1	0	0	0	0	0	40.60cm	58
2017	292	8	9	3	34L	1	1	0	1	0	0	0	1	1	0	1	1	1	0	1	0	0	0	1	0	0	0	1	20.40cm	37
2017	292	8	9	3	34L	1	1	0	1	0	0	0	1	1	0	1	1	1	0	1	0	0	0	1	0	0	0	1	0.20cm	39
1994	292	8	9	3	34L	1	1	0	1	0	0	0	1	1	0	1	1	1	0	1	0	0	0	1	0	0	0	1	0.20cm	63
2017	292	8	9	3	34L	1	1	0	1	0	0	0	1	1	0	1	1	1	0	1	0	0	0	1	0	0	0	1	40.60cm	37
1994	293	8	8	4	4FLW	0	1	1	1	1	0	0	0	1	1	0	0	1	0	1	0	0	1	0	1	1	1	0	0.20cm	44
2017	293	8	8	4	4FLW	0	1	1	1	1	0	0	0	1	1	0	0	1	0	1	0	0	1	0	1	1	1	0	0.20cm	24
2017	293	8	8	4	4FLW	0	1	1	1	1	0	0	0	1	1	0	0	1	0	1	0	0	1	0	1	1	1	0	20.40cm	18
2017	293	8	8	4	4FLW	0	1	1	1	1	0	0	0	1	1	0	0	1	0	1	0	0	1	0	1	1	1	0	40.60cm	19
2017	299	16	17	5	34FLW	1	1	1	1	1	0	1	1	1	1	1	1	1	1	1	1	1	1	1	0	1	1	1	40.60cm	31
1994	299	16	17	5	34FLW	1	1	1	1	1	0	1	1	1	1	1	1	1	1	1	1	1	1	1	0	1	1	1	0.20cm	44
2017	299	16	17	5	34FLW	1	1	1	1	1	0	1	1	1	1	1	1	1	1	1	1	1	1	1	0	1	1	1	0.20cm	29
2017	299	16	17	5	34FLW	1	1	1	1	1	0	1	1	1	1	1	1	1	1	1	1	1	1	1	0	1	1	1	20.40cm	28
2017	300	2	2	2	4L	0	1	0	1	0	0	0	0	0	0	0	0	0	0	1	0	1	0	0	0	0	0	0	40.60cm	30
2017	300	2	2	2	4L	0	1	0	1	0	0	0	0	0	0	0	0	0	0	1	0	1	0	0	0	0	0	0	20.40cm	29
1994	300	2	2	2	4L	0	1	0	1	0	0	0	0	0	0	0	0	0	0	1	0	1	0	0	0	0	0	0	0.20cm	49
2017	300	2	2	2	4L	0	1	0	1	0	0	0	0	0	0	0	0	0	0	1	0	1	0	0	0	0	0	0	0.20cm	30
1994	301	16	17	5	34FLW	1	1	1	1	1	1	1	1	1	1	1	1	1	1	1	1	1	0	1	0	1	1	1	0.20cm	35
2017	301	16	17	5	34FLW	1	1	1	1	1	1	1	1	1	1	1	1	1	1	1	1	1	0	1	0	1	1	1	0.20cm	25
2017	301	16	17	5	34FLW	1	1	1	1	1	1	1	1	1	1	1	1	1	1	1	1	1	0	1	0	1	1	1	20.40cm	22
2017	301	16	17	5	34FLW	1	1	1	1	1	1	1	1	1	1	1	1	1	1	1	1	1	0	1	0	1	1	1	40.60cm	21
1994	302	4	5	3	FLW	0	0	1	1	1	0	0	0	0	0	0	0	0	1	1	1	0	0	0	0	1	0	0	0.20cm	62
2017	302	4	5	3	FLW	0	0	1	1	1	0	0	0	0	0	0	0	0	1	1	1	0	0	0	0	1	0	0	40.60cm	40
2017	302	4	5	3	FLW	0	0	1	1	1	0	0	0	0	0	0	0	0	1	1	1	0	0	0	0	1	0	0	0.20cm	39
2017	302	4	5	3	FLW	0	0	1	1	1	0	0	0	0	0	0	0	0	1	1	1	0	0	0	0	1	0	0	20.40cm	49
1994	303	8	10	3	3FL	1	0	1	1	0	1	1	1	0	0	0	1	0	1	1	1	0	0	1	0	0	0	0	0.20cm	45
2017	303	8	10	3	3FL	1	0	1	1	0	1	1	1	0	0	0	1	0	1	1	1	0	0	1	0	0	0	0	0.20cm	41
2017	303	8	10	3	3FL	1	0	1	1	0	1	1	1	0	0	0	1	0	1	1	1	0	0	1	0	0	0	0	20.40cm	34
2017	303	8	10	3	3FL	1	0	1	1	0	1	1	1	0	0	0	1	0	1	1	1	0	0	1	0	0	0	0	40.60cm	38
2017	304	2	2	1	3	1	0	0	0	0	0	1	0	0	0	0	1	0	0	0	0	0	0	0	0	0	0	0	40.60cm	20
1994	304	2	2	1	3	1	0	0	0	0	0	1	0	0	0	0	1	0	0	0	0	0	0	0	0	0	0	0	0.20cm	23
2017	304	2	2	1	3	1	0	0	0	0	0	1	0	0	0	0	1	0	0	0	0	0	0	0	0	0	0	0	0.20cm	21
2017	304	2	2	1	3	1	0	0	0	0	0	1	0	0	0	0	1	0	0	0	0	0	0	0	0	0	0	0	20.40cm	17
2017	307	8	9	4	4FLW	0	1	1	1	1	0	0	0	0	1	0	0	0	0	1	1	1	1	0	1	1	1	0	40.60cm	29
2017	307	8	9	4	4FLW	0	1	1	1	1	0	0	0	0	1	0	0	0	0	1	1	1	1	0	1	1	1	0	20.40cm	31
1994	307	8	9	4	4FLW	0	1	1	1	1	0	0	0	0	1	0	0	0	0	1	1	1	1	0	1	1	1	0	0.20cm	44
2017	307	8	9	4	4FLW	0	1	1	1	1	0	0	0	0	1	0	0	0	0	1	1	1	1	0	1	1	1	0	0.20cm	25
1994	308	1	1	1	F	0	0	1	0	0	0	0	0	0	1	0	0	0	0	0	0	0	0	0	0	0	0	0	0.20cm	48
2017	308	1	1	1	F	0	0	1	0	0	0	0	0	0	1	0	0	0	0	0	0	0	0	0	0	0	0	0	0.20cm	38
2017	308	1	1	1	F	0	0	1	0	0	0	0	0	0	1	0	0	0	0	0	0	0	0	0	0	0	0	0	20.40cm	46
2017	308	1	1	1	F	0	0	1	0	0	0	0	0	0	1	0	0	0	0	0	0	0	0	0	0	0	0	0	40.60cm	45
2017	311	2	2	2	34	1	1	0	0	0	0	0	0	0	0	0	1	0	0	0	0	1	0	0	0	0	0	0	20.40cm	17
2017	311	2	2	2	34	1	1	0	0	0	0	0	0	0	0	0	1	0	0	0	0	1	0	0	0	0	0	0	0.20cm	21
1994	311	2	2	2	34	1	1	0	0	0	0	0	0	0	0	0	1	0	0	0	0	1	0	0	0	0	0	0	0.20cm	26
2017	311	2	2	2	34	1	1	0	0	0	0	0	0	0	0	0	1	0	0	0	0	1	0	0	0	0	0	0	40.60cm	20
1994	313	8	9	4	3FLW	1	0	1	1	1	1	0	1	0	0	0	1	1	1	1	0	0	1	0	0	1	0	0	0.20cm	24
2017	313	8	9	4	3FLW	1	0	1	1	1	1	0	1	0	0	0	1	1	1	1	0	0	1	0	0	1	0	0	0.20cm	18
2017	313	8	9	4	3FLW	1	0	1	1	1	1	0	1	0	0	0	1	1	1	1	0	0	1	0	0	1	0	0	20.40cm	10
2017	313	8	9	4	3FLW	1	0	1	1	1	1	0	1	0	0	0	1	1	1	1	0	0	1	0	0	1	0	0	40.60cm	10
2017	318	16	17	5	34FLW	1	1	1	1	1	1	1	1	1	1	1	1	1	0	1	1	1	0	1	1	1	1	1	40.60cm	44
1994	318	16	17	5	34FLW	1	1	1	1	1	1	1	1	1	1	1	1	1	0	1	1	1	0	1	1	1	1	1	0.20cm	67
2017	318	16	17	5	34FLW	1	1	1	1	1	1	1	1	1	1	1	1	1	0	1	1	1	0	1	1	1	1	1	0.20cm	43
2017	318	16	17	5	34FLW	1	1	1	1	1	1	1	1	1	1	1	1	1	0	1	1	1	0	1	1	1	1	1	20.40cm	38
2017	324	2	2	1	3	1	0	0	0	0	0	0	0	0	0	1	0	0	0	0	0	0	0	1	0	0	0	0	40.60cm	39
2017	324	2	2	1	3	1	0	0	0	0	0	0	0	0	0	1	0	0	0	0	0	0	0	1	0	0	0	0	20.40cm	36
1994	324	2	2	1	3	1	0	0	0	0	0	0	0	0	0	1	0	0	0	0	0	0	0	1	0	0	0	0	0.20cm	49
2017	324	2	2	1	3	1	0	0	0	0	0	0	0	0	0	1	0	0	0	0	0	0	0	1	0	0	0	0	0.20cm	35
1994	325	4	5	4	34FL	1	1	1	1	0	0	0	0	0	0	0	1	0	0	0	1	1	1	0	0	0	0	0	0.20cm	44
2017	325	4	5	4	34FL	1	1	1	1	0	0	0	0	0	0	0	1	0	0	0	1	1	1	0	0	0	0	0	0.20cm	32
2017	325	4	5	4	34FL	1	1	1	1	0	0	0	0	0	0	0	1	0	0	0	1	1	1	0	0	0	0	0	20.40cm	34
2017	325	4	5	4	34FL	1	1	1	1	0	0	0	0	0	0	0	1	0	0	0	1	1	1	0	0	0	0	0	40.60cm	38
1994	328	16	17	5	34FLW	1	1	1	1	1	1	1	1	1	1	1	1	1	1	1	1	1	1	1	0	1	1	0	0.20cm	44
2017	328	16	17	5	34FLW	1	1	1	1	1	1	1	1	1	1	1	1	1	1	1	1	1	1	1	0	1	1	0	40.60cm	27
2017	328	16	17	5	34FLW	1	1	1	1	1	1	1	1	1	1	1	1	1	1	1	1	1	1	1	0	1	1	0	0.20cm	37
2017	328	16	17	5	34FLW	1	1	1	1	1	1	1	1	1	1	1	1	1	1	1	1	1	1	1	0	1	1	0	20.40cm	23
1994	329	16	17	5	34FLW	1	1	1	1	1	1	1	1	1	0	1	1	1	0	1	1	1	1	1	1	1	1	1	0.20cm	47
2017	329	16	17	5	34FLW	1	1	1	1	1	1	1	1	1	0	1	1	1	0	1	1	1	1	1	1	1	1	1	0.20cm	34
2017	329	16	17	5	34FLW	1	1	1	1	1	1	1	1	1	0	1	1	1	0	1	1	1	1	1	1	1	1	1	20.40cm	27
2017	329	16	17	5	34FLW	1	1	1	1	1	1	1	1	1	0	1	1	1	0	1	1	1	1	1	1	1	1	1	40.60cm	28
2017	330	2	2	2	4F	0	1	1	0	0	0	0	0	1	0	0	0	0	1	0	0	0	0	0	0	0	0	0	40.60cm	22
1994	330	2	2	2	4F	0	1	1	0	0	0	0	0	1	0	0	0	0	1	0	0	0	0	0	0	0	0	0	0.20cm	23
2017	330	2	2	2	4F	0	1	1	0	0	0	0	0	1	0	0	0	0	1	0	0	0	0	0	0	0	0	0	0.20cm	24
2017	330	2	2	2	4F	0	1	1	0	0	0	0	0	1	0	0	0	0	1	0	0	0	0	0	0	0	0	0	20.40cm	24
2017	331	16	17	5	34FLW	1	1	1	1	1	1	1	1	1	1	1	1	1	1	1	1	1	1	0	1	1	1	0	40.60cm	16
2017	331	16	17	5	34FLW	1	1	1	1	1	1	1	1	1	1	1	1	1	1	1	1	1	1	0	1	1	1	0	20.40cm	14
1994	331	16	17	5	34FLW	1	1	1	1	1	1	1	1	1	1	1	1	1	1	1	1	1	1	0	1	1	1	0	0.20cm	26
2017	331	16	17	5	34FLW	1	1	1	1	1	1	1	1	1	1	1	1	1	1	1	1	1	1	0	1	1	1	0	0.20cm	16
1994	334	2	2	2	34	1	1	0	0	0	0	0	0	0	0	1	0	0	0	0	0	0	0	0	0	0	0	1	0.20cm	29
2017	334	2	2	2	34	1	1	0	0	0	0	0	0	0	0	1	0	0	0	0	0	0	0	0	0	0	0	1	0.20cm	18
2017	334	2	2	2	34	1	1	0	0	0	0	0	0	0	0	1	0	0	0	0	0	0	0	0	0	0	0	1	20.40cm	11
2017	334	2	2	2	34	1	1	0	0	0	0	0	0	0	0	1	0	0	0	0	0	0	0	0	0	0	0	1	40.60cm	11
1994	335	2	3	2	3L	1	0	0	1	0	0	0	1	0	0	0	1	0	0	0	0	0	0	0	0	0	0	0	0.20cm	23
2017	335	2	3	2	3L	1	0	0	1	0	0	0	1	0	0	0	1	0	0	0	0	0	0	0	0	0	0	0	40.60cm	8
2017	335	2	3	2	3L	1	0	0	1	0	0	0	1	0	0	0	1	0	0	0	0	0	0	0	0	0	0	0	20.40cm	8
2017	335	2	3	2	3L	1	0	0	1	0	0	0	1	0	0	0	1	0	0	0	0	0	0	0	0	0	0	0	0.20cm	18
1994	336	16	17	5	34FLW	1	1	1	1	1	1	1	1	1	1	1	1	1	1	1	1	1	0	0	1	1	1	1	0.20cm	18
2017	336	16	17	5	34FLW	1	1	1	1	1	1	1	1	1	1	1	1	1	1	1	1	1	0	0	1	1	1	1	0.20cm	15
2017	336	16	17	5	34FLW	1	1	1	1	1	1	1	1	1	1	1	1	1	1	1	1	1	0	0	1	1	1	1	20.40cm	8
2017	336	16	17	5	34FLW	1	1	1	1	1	1	1	1	1	1	1	1	1	1	1	1	1	0	0	1	1	1	1	40.60cm	8
2017	338	1	2	1	F	0	0	1	0	0	0	0	0	0	0	0	0	0	0	0	1	0	0	0	0	0	0	0	20.40cm	31
2017	338	1	2	1	F	0	0	1	0	0	0	0	0	0	0	0	0	0	0	0	1	0	0	0	0	0	0	0	40.60cm	36
2017	338	1	2	1	F	0	0	1	0	0	0	0	0	0	0	0	0	0	0	0	1	0	0	0	0	0	0	0	0.20cm	33
1994	338	1	2	1	F	0	0	1	0	0	0	0	0	0	0	0	0	0	0	0	1	0	0	0	0	0	0	0	0.20cm	38
2017	339	16	17	5	34FLW	1	1	1	1	1	1	0	1	1	1	1	1	1	1	1	1	1	1	1	1	1	1	0	0.20cm	32
2017	339	16	17	5	34FLW	1	1	1	1	1	1	0	1	1	1	1	1	1	1	1	1	1	1	1	1	1	1	0	20.40cm	34
2017	339	16	17	5	34FLW	1	1	1	1	1	1	0	1	1	1	1	1	1	1	1	1	1	1	1	1	1	1	0	40.60cm	32
1994	339	16	17	5	34FLW	1	1	1	1	1	1	0	1	1	1	1	1	1	1	1	1	1	1	1	1	1	1	0	0.20cm	41
2017	342	2	3	2	FL	0	0	1	1	0	0	0	0	0	0	0	0	0	0	1	1	0	0	0	0	0	0	0	40.60cm	21
1994	342	2	3	2	FL	0	0	1	1	0	0	0	0	0	0	0	0	0	0	1	1	0	0	0	0	0	0	0	0.20cm	32
2017	342	2	3	2	FL	0	0	1	1	0	0	0	0	0	0	0	0	0	0	1	1	0	0	0	0	0	0	0	0.20cm	25
2017	342	2	3	2	FL	0	0	1	1	0	0	0	0	0	0	0	0	0	0	1	1	0	0	0	0	0	0	0	20.40cm	19
2017	126	0	0	0	 	0	0	0	0	0	0	0	0	0	0	0	0	0	0	0	0	0	0	0	0	0	0	0	40.60cm	27
2017	126	0	0	0	 	0	0	0	0	0	0	0	0	0	0	0	0	0	0	0	0	0	0	0	0	0	0	0	20.40cm	41
1994	126	0	0	0	 	0	0	0	0	0	0	0	0	0	0	0	0	0	0	0	0	0	0	0	0	0	0	0	0.20cm	43
2017	126	0	0	0	 	0	0	0	0	0	0	0	0	0	0	0	0	0	0	0	0	0	0	0	0	0	0	0	0.20cm	45
1994	166	0	0	0	 	0	0	0	0	0	0	0	0	0	0	0	0	0	0	0	0	0	0	0	0	0	0	0	0.20cm	54
2017	166	0	0	0	 	0	0	0	0	0	0	0	0	0	0	0	0	0	0	0	0	0	0	0	0	0	0	0	0.20cm	54
2017	166	0	0	0	 	0	0	0	0	0	0	0	0	0	0	0	0	0	0	0	0	0	0	0	0	0	0	0	20.40cm	69
2017	166	0	0	0	 	0	0	0	0	0	0	0	0	0	0	0	0	0	0	0	0	0	0	0	0	0	0	0	40.60cm	67
2017	244	0	0	0	 	0	0	0	0	0	0	0	0	0	0	0	0	0	0	0	0	0	0	0	0	0	0	0	40.60cm	66
1994	244	0	0	0	 	0	0	0	0	0	0	0	0	0	0	0	0	0	0	0	0	0	0	0	0	0	0	0	0.20cm	64
2017	244	0	0	0	 	0	0	0	0	0	0	0	0	0	0	0	0	0	0	0	0	0	0	0	0	0	0	0	0.20cm	66
2017	244	0	0	0	 	0	0	0	0	0	0	0	0	0	0	0	0	0	0	0	0	0	0	0	0	0	0	0	20.40cm	64
2017	248	0	0	0	 	0	0	0	0	0	0	0	0	0	0	0	0	0	0	0	0	0	0	0	0	0	0	0	40.60cm	59
2017	248	0	0	0	 	0	0	0	0	0	0	0	0	0	0	0	0	0	0	0	0	0	0	0	0	0	0	0	20.40cm	55
1994	248	0	0	0	 	0	0	0	0	0	0	0	0	0	0	0	0	0	0	0	0	0	0	0	0	0	0	0	0.20cm	61
2017	248	0	0	0	 	0	0	0	0	0	0	0	0	0	0	0	0	0	0	0	0	0	0	0	0	0	0	0	0.20cm	58